4.999999999998520e-02  4.999999999998520e-02
5.100956186281958e-02  5.100956186281958e-02
5.207658814183708e-02  5.207658814183708e-02
5.320004501228954e-02  5.320004501228954e-02
5.439026112059855e-02  5.439026112059855e-02
5.566752121490479e-02  5.566752121490479e-02
5.702955352177021e-02  5.702955352177021e-02
5.849231822485008e-02  5.849231822485008e-02
6.006543276826477e-02  6.006543276826477e-02
6.175905529600104e-02  6.175905529600104e-02
6.358505190311832e-02  6.358505190311832e-02
6.557249976065263e-02  6.557249976065263e-02
6.774582573960926e-02  6.774582573960926e-02
7.013306128159477e-02  7.013306128159477e-02
7.275911945480201e-02  7.275911945480201e-02
7.568656573095546e-02  7.568656573095546e-02
7.897219769676320e-02  7.897219769676320e-02
8.268515484390762e-02  8.268515484390762e-02

9.736842105262968e-02  9.736842105262968e-02
1.042482530015072e-01  1.042482530015072e-01
1.126962823499494e-01  1.126962823499494e-01
1.233668431308313e-01  1.233668431308313e-01
1.373926487531503e-01  1.373926487531503e-01
1.566615213893119e-01  1.566615213893119e-01
1.846471111983298e-01  1.846471111983298e-01
2.275983899372811e-01  2.275983899372811e-01
2.927497587663325e-01  2.927497587663325e-01
3.670217623679385e-01  3.670217623679385e-01
4.130500020935542e-01  4.130500020935542e-01
4.303975916825745e-01  4.303975916825745e-01
4.359621530559703e-01  4.359621530559703e-01
4.377184025260767e-01  4.377184025260767e-01
4.382456994585345e-01  4.382456994585345e-01
4.384014507989416e-01  4.384014507989416e-01
4.384717118773627e-01  4.384717118773627e-01
4.384941818237777e-01  4.384941818237777e-01

1.447368356871674e-01  1.447368356871674e-01
1.671522996104699e-01  1.671522996104699e-01
2.005350504792804e-01  2.005350504792804e-01
2.523471286229019e-01  2.523471286229019e-01
3.253973260852595e-01  3.253973260852595e-01
3.911438073029793e-01  3.911438073029793e-01
4.227642674297334e-01  4.227642674297334e-01
4.335486060867582e-01  4.335486060867582e-01
4.369683810520469e-01  4.369683810520469e-01
4.380304401769533e-01  4.380304401769533e-01
4.383330223163407e-01  4.383330223163407e-01
4.384390041556565e-01  4.384390041556565e-01
4.384689050036115e-01  4.384689050036115e-01
4.384946568969058e-01  4.384946568969058e-01
4.385059622636880e-01  4.385059622636880e-01
4.385087686697081e-01  4.385087686697081e-01
4.385097549525686e-01  4.385097549525686e-01
4.385101059700912e-01  4.385101059700912e-01

1.921034000287258e-01  1.921034000287258e-01
2.392770256348927e-01  2.392770256348927e-01
3.087537230883779e-01  3.087537230883779e-01
3.797734108682105e-01  3.797734108682105e-01
4.183658738535662e-01  4.183658738535662e-01
4.321326527496099e-01  4.321326527496099e-01
4.365313932625155e-01  4.365313932625155e-01
4.378979857545006e-01  4.378979857545006e-01
4.383192445062559e-01  4.383192445062559e-01
4.384445294687704e-01  4.384445294687704e-01
4.384829955467545e-01  4.384829955467545e-01
4.384872765420737e-01  4.384872765420737e-01
4.385044451436272e-01  4.385044451436272e-01
4.385082486542264e-01  4.385082486542264e-01
4.385095706019228e-01  4.385095706019228e-01
4.385100404452817e-01  4.385100404452817e-01
4.385102079264928e-01  4.385102079264928e-01
4.385102674070610e-01  4.385102674070610e-01

2.394619610475442e-01  2.394619610475442e-01
3.090037400675207e-01  3.090037400675207e-01
3.799588080278581e-01  3.799588080278581e-01
4.184691232945728e-01  4.184691232945728e-01
4.321657387952396e-01  4.321657387952396e-01
4.365388154588914e-01  4.365388154588914e-01
4.378998432522149e-01  4.378998432522149e-01
4.383172859445482e-01  4.383172859445482e-01
4.384483419597192e-01  4.384483419597192e-01
4.384930114630902e-01  4.384930114630902e-01
4.385070746706101e-01  4.385070746706101e-01
4.385091567411527e-01  4.385091567411527e-01
4.385098928547699e-01  4.385098928547699e-01
4.385101550124250e-01  4.385101550124250e-01
4.385102485775051e-01  4.385102485775051e-01
4.385102820675623e-01  4.385102820675623e-01
4.385102941640223e-01  4.385102941640223e-01
4.385102983747799e-01  4.385102983747799e-01

2.868384459126561e-01  2.394701591163222e-01
3.704303058043292e-01  3.012472098131566e-01
4.327490637244709e-01  3.523982901437946e-01
4.589266962031358e-01  3.775093776481788e-01
4.666623167809299e-01  3.883844182456302e-01
4.677422526316067e-01  3.942198983133031e-01
4.665544954590697e-01  3.984622370825498e-01
4.646498592047433e-01  4.022883130321498e-01
4.624952051796018e-01  4.059301757916935e-01
4.603099059129347e-01  4.094617575620970e-01
4.581735855709226e-01  4.128199316171943e-01
4.561128299077049e-01  4.159279634835201e-01
4.541773217862385e-01  4.187890767068063e-01
4.524055346907436e-01  4.213858487342809e-01
4.507822458828524e-01  4.237121178610317e-01
4.492995285394428e-01  4.257510028698391e-01
4.479489535249431e-01  4.275214695439886e-01
4.467651089826419e-01  4.290757733418659e-01

2.394701591163222e-01  2.868384459126561e-01
3.012472098131566e-01  3.704303058043292e-01
3.523982901437946e-01  4.327490637244709e-01
3.775093776481788e-01  4.589266962031358e-01
3.883844182456302e-01  4.666623167809299e-01
3.942198983133031e-01  4.677422526316067e-01
3.984622370825498e-01  4.665544954590697e-01
4.022883130321498e-01  4.646498592047433e-01
4.059301757916935e-01  4.624952051796018e-01
4.094617575620970e-01  4.603099059129347e-01
4.128199316171943e-01  4.581735855709226e-01
4.159279634835201e-01  4.561128299077049e-01
4.187890767068063e-01  4.541773217862385e-01
4.213858487342809e-01  4.524055346907436e-01
4.237121178610317e-01  4.507822458828524e-01
4.257510028698391e-01  4.492995285394428e-01
4.275214695439886e-01  4.479489535249431e-01
4.290757733418659e-01  4.467651089826419e-01

2.868412565311596e-01  2.868412565311596e-01
3.618109629321814e-01  3.618109629321814e-01
4.107271155895535e-01  4.107271155895535e-01
4.296423877955785e-01  4.296423877955785e-01
4.357508448736161e-01  4.357508448736161e-01
4.376550420949553e-01  4.376550420949553e-01
4.382453698928832e-01  4.382453698928832e-01
4.384286075617669e-01  4.384286075617669e-01
4.384830271451303e-01  4.384830271451303e-01
4.385002385963788e-01  4.385002385963788e-01
4.385069066257509e-01  4.385069066257509e-01
4.385090980280399e-01  4.385090980280399e-01
4.385098719993317e-01  4.385098719993317e-01
4.385101476337655e-01  4.385101476337655e-01
4.385102460256975e-01  4.385102460256975e-01
4.385102812205017e-01  4.385102812205017e-01
4.385102938460106e-01  4.385102938460106e-01
4.385102982997810e-01  4.385102982997810e-01

3.342139324977870e-01  2.868351528342287e-01
4.075086050285578e-01  3.493918000142499e-01
4.440884560926098e-01  3.854573000728868e-01
4.556714423025232e-01  4.009092354665316e-01
4.578918409651602e-01  4.082389136806751e-01
4.571529438190253e-01  4.127743287904013e-01
4.555887944110472e-01  4.162786264021159e-01
4.538110780055234e-01  4.192164434863695e-01
4.521078057502342e-01  4.218138214433449e-01
4.505147945948897e-01  4.240877006653460e-01
4.490621801887804e-01  4.260863323099339e-01
4.477471049682332e-01  4.278196004930387e-01
4.465820289148574e-01  4.293338685534654e-01
4.455190681337227e-01  4.306193289745244e-01
4.445966088987223e-01  4.317282249665503e-01
4.438141253895760e-01  4.327194344609982e-01
4.430869330620171e-01  4.335266330035416e-01
4.424530658136507e-01  4.342270743491584e-01

2.868351528342287e-01  3.342139324977870e-01
3.493918000142499e-01  4.075086050285578e-01
3.854573000728868e-01  4.440884560926098e-01
4.009092354665316e-01  4.556714423025232e-01
4.082389136806751e-01  4.578918409651602e-01
4.127743287904013e-01  4.571529438190253e-01
4.162786264021159e-01  4.555887944110472e-01
4.192164434863695e-01  4.538110780055234e-01
4.218138214433449e-01  4.521078057502342e-01
4.240877006653460e-01  4.505147945948897e-01
4.260863323099339e-01  4.490621801887804e-01
4.278196004930387e-01  4.477471049682332e-01
4.293338685534654e-01  4.465820289148574e-01
4.306193289745244e-01  4.455190681337227e-01
4.317282249665503e-01  4.445966088987223e-01
4.327194344609982e-01  4.438141253895760e-01
4.335266330035416e-01  4.430869330620171e-01
4.342270743491584e-01  4.424530658136507e-01

3.342105263214135e-01  3.342105263214135e-01
3.964862887229165e-01  3.964862887229165e-01
4.246782095414361e-01  4.246782095414361e-01
4.341795202169604e-01  4.341795202169604e-01
4.371649979847431e-01  4.371649979847431e-01
4.380955240874071e-01  4.380955240874071e-01
4.383821793735672e-01  4.383821793735672e-01
4.384673789928342e-01  4.384673789928342e-01
4.384944165246490e-01  4.384944165246490e-01
4.385060089598590e-01  4.385060089598590e-01
4.385087849214828e-01  4.385087849214828e-01
4.385097607472688e-01  4.385097607472688e-01
4.385101079977139e-01  4.385101079977139e-01
4.385102318340035e-01  4.385102318340035e-01
4.385102760836861e-01  4.385102760836861e-01
4.385102918301051e-01  4.385102918301051e-01
4.385102973640772e-01  4.385102973640772e-01
4.385102996719790e-01  4.385102996719790e-01

3.815793756814108e-01  3.342108989099014e-01
4.314645055151309e-01  3.817540816350581e-01
4.494830492122067e-01  4.028419300511346e-01
4.539690260436012e-01  4.119087205647760e-01
4.540667784056512e-01  4.167633134696302e-01
4.528950968407597e-01  4.200930911828591e-01
4.513912948510932e-01  4.227165962944909e-01
4.498951656904512e-01  4.249151714685192e-01
4.484994852831309e-01  4.268105674417379e-01
4.472530362343674e-01  4.284562728724398e-01
4.461349251111321e-01  4.298773920308279e-01
4.451303433284164e-01  4.310989017795642e-01
4.442525735204124e-01  4.321411311078983e-01
4.434917136402026e-01  4.330487129726889e-01
4.428197558001882e-01  4.338250486140516e-01
4.422137072690245e-01  4.344812389922539e-01
4.417042220967075e-01  4.350485503798304e-01
4.412736598441986e-01  4.355401411044897e-01

3.342108989099014e-01  3.815793756814108e-01
3.817540816350581e-01  4.314645055151309e-01
4.028419300511346e-01  4.494830492122067e-01
4.119087205647760e-01  4.539690260436012e-01
4.167633134696302e-01  4.540667784056512e-01
4.200930911828591e-01  4.528950968407597e-01
4.227165962944909e-01  4.513912948510932e-01
4.249151714685192e-01  4.498951656904512e-01
4.268105674417379e-01  4.484994852831309e-01
4.284562728724398e-01  4.472530362343674e-01
4.298773920308279e-01  4.461349251111321e-01
4.310989017795642e-01  4.451303433284164e-01
4.321411311078983e-01  4.442525735204124e-01
4.330487129726889e-01  4.434917136402026e-01
4.338250486140516e-01  4.428197558001882e-01
4.344812389922539e-01  4.422137072690245e-01
4.350485503798304e-01  4.417042220967075e-01
4.355401411044897e-01  4.412736598441986e-01

3.815789417666774e-01  3.815789417666774e-01
4.191109186870451e-01  4.191109186870451e-01
4.323748097640834e-01  4.323748097640834e-01
4.366043393254483e-01  4.366043393254483e-01
4.379069731256277e-01  4.379069731256277e-01
4.383099868115626e-01  4.383099868115626e-01
4.384449190992101e-01  4.384449190992101e-01
4.384830665217876e-01  4.384830665217876e-01
4.384981204501083e-01  4.384981204501083e-01
4.385063366325132e-01  4.385063366325132e-01
4.385088987157850e-01  4.385088987157850e-01
4.385098010834295e-01  4.385098010834295e-01
4.385101222649136e-01  4.385101222649136e-01
4.385102368341114e-01  4.385102368341114e-01
4.385102778484723e-01  4.385102778484723e-01
4.385102926874440e-01  4.385102926874440e-01
4.385102979310988e-01  4.385102979310988e-01
4.385102996384362e-01  4.385102996384362e-01

4.289487004227405e-01  3.815809903351751e-01
4.480851057541013e-01  4.036347070274803e-01
4.529965659303452e-01  4.129819232779396e-01
4.532652279821535e-01  4.178569879992638e-01
4.521678045399403e-01  4.210902859010213e-01
4.507306822817435e-01  4.235968504292247e-01
4.493113746155492e-01  4.257037709240369e-01
4.479812196809329e-01  4.275030207105888e-01
4.468037589558596e-01  4.290742127297342e-01
4.457215486846247e-01  4.304003896979162e-01
4.447808359610061e-01  4.315525093186777e-01
4.439673703726731e-01  4.325587907227456e-01
4.432223233626932e-01  4.333895214894909e-01
4.425652126842304e-01  4.341023646144193e-01
4.419885256420019e-01  4.347148107729608e-01
4.415114612638845e-01  4.352432552725652e-01
4.411212021420486e-01  4.357256601048869e-01
4.407742271834847e-01  4.361331799720414e-01

4.763145130620208e-01  3.815772388292631e-01
4.758009757733739e-01  3.842938036824874e-01
4.745180074509056e-01  3.869083767184425e-01
4.728398984477475e-01  3.896883447124351e-01
4.709163185393772e-01  3.926954552192201e-01
4.688462370213157e-01  3.959595344902329e-01
4.666601473278208e-01  3.993978342706824e-01
4.644369980308609e-01  4.029696900565655e-01
4.621910717404434e-01  4.065388576263486e-01
4.599694947999136e-01  4.100087794206579e-01
4.578436620689265e-01  4.133333966615877e-01
4.558071923118098e-01  4.164106890881934e-01
4.538990808597225e-01  4.192342027010377e-01
4.521470902781428e-01  4.217910027939931e-01
4.505395119461457e-01  4.240572048394420e-01
4.490849664686657e-01  4.260598420896251e-01
4.477668862838678e-01  4.277970115121579e-01
4.466010994116740e-01  4.293147375927543e-01

3.815809903351751e-01  4.289487004227405e-01
4.036347070274803e-01  4.480851057541013e-01
4.129819232779396e-01  4.529965659303452e-01
4.178569879992638e-01  4.532652279821535e-01
4.210902859010213e-01  4.521678045399403e-01
4.235968504292247e-01  4.507306822817435e-01
4.257037709240369e-01  4.493113746155492e-01
4.275030207105888e-01  4.479812196809329e-01
4.290742127297342e-01  4.468037589558596e-01
4.304003896979162e-01  4.457215486846247e-01
4.315525093186777e-01  4.447808359610061e-01
4.325587907227456e-01  4.439673703726731e-01
4.333895214894909e-01  4.432223233626932e-01
4.341023646144193e-01  4.425652126842304e-01
4.347148107729608e-01  4.419885256420019e-01
4.352432552725652e-01  4.415114612638845e-01
4.357256601048869e-01  4.411212021420486e-01
4.361331799720414e-01  4.407742271834847e-01

4.289474343056200e-01  4.289474343056200e-01
4.355288999962340e-01  4.355288999962340e-01
4.375666215655925e-01  4.375666215655925e-01
4.382065406747168e-01  4.382065406747168e-01
4.383787552783705e-01  4.383787552783705e-01
4.384667556387054e-01  4.384667556387054e-01
4.384719684341766e-01  4.384719684341766e-01
4.384964411206712e-01  4.384964411206712e-01
4.385059970168787e-01  4.385059970168787e-01
4.385087807513328e-01  4.385087807513328e-01
4.385097592498248e-01  4.385097592498248e-01
4.385101074628726e-01  4.385101074628726e-01
4.385102315906798e-01  4.385102315906798e-01
4.385102758419360e-01  4.385102758419360e-01
4.385102917087590e-01  4.385102917087590e-01
4.385102974405666e-01  4.385102974405666e-01
4.385102995791896e-01  4.385102995791896e-01
4.385103003533320e-01  4.385103003533320e-01

4.763132463989793e-01  4.289450008209804e-01
4.616989644422083e-01  4.208538212255640e-01
4.559298310801911e-01  4.202495784694378e-01
4.529804780488443e-01  4.217783052140075e-01
4.509976359157759e-01  4.237891881875058e-01
4.494071015359600e-01  4.257427112176664e-01
4.480147625262594e-01  4.274902413166659e-01
4.468127969818200e-01  4.290408252491381e-01
4.457337900485648e-01  4.303745710009760e-01
4.447653680354229e-01  4.315014954611079e-01
4.439611845241149e-01  4.325205055581879e-01
4.432291646261337e-01  4.333683436931794e-01
4.425819138771284e-01  4.340941918104733e-01
4.420091812012654e-01  4.347151187622983e-01
4.415152102889900e-01  4.352295230914101e-01
4.411260269195406e-01  4.357149416543802e-01
4.407795517762630e-01  4.361256678939376e-01
4.404242245946091e-01  4.364205769074537e-01

5.236862030803612e-01  4.289488519320955e-01
4.877804823946815e-01  4.043189554388320e-01
4.749177293792002e-01  3.985090806313296e-01
4.693434386957036e-01  3.989893887275801e-01
4.660436330348792e-01  4.015812259285007e-01
4.634724839023442e-01  4.048847557152813e-01
4.611318672312250e-01  4.083276615902183e-01
4.589246337347773e-01  4.117044806275015e-01
4.568015141053909e-01  4.148781361681753e-01
4.548156731318070e-01  4.178146029431427e-01
4.529922885790904e-01  4.205016415939657e-01
4.513283005471617e-01  4.229426380833281e-01
4.497848629209077e-01  4.250585019339824e-01
4.484072717059972e-01  4.269455588135877e-01
4.471752933795186e-01  4.285801279704262e-01
4.460658414802283e-01  4.299850234943568e-01
4.450544581025527e-01  4.311749980539348e-01
4.442064578454488e-01  4.322301675484876e-01

3.815772388292631e-01  4.763145130620208e-01
3.842938036824874e-01  4.758009757733739e-01
3.869083767184425e-01  4.745180074509056e-01
3.896883447124351e-01  4.728398984477475e-01
3.926954552192201e-01  4.709163185393772e-01
3.959595344902329e-01  4.688462370213157e-01
3.993978342706824e-01  4.666601473278208e-01
4.029696900565655e-01  4.644369980308609e-01
4.065388576263486e-01  4.621910717404434e-01
4.100087794206579e-01  4.599694947999136e-01
4.133333966615877e-01  4.578436620689265e-01
4.164106890881934e-01  4.558071923118098e-01
4.192342027010377e-01  4.538990808597225e-01
4.217910027939931e-01  4.521470902781428e-01
4.240572048394420e-01  4.505395119461457e-01
4.260598420896251e-01  4.490849664686657e-01
4.277970115121579e-01  4.477668862838678e-01
4.293147375927543e-01  4.466010994116740e-01

4.289450008209804e-01  4.763132463989793e-01
4.208538212255640e-01  4.616989644422083e-01
4.202495784694378e-01  4.559298310801911e-01
4.217783052140075e-01  4.529804780488443e-01
4.237891881875058e-01  4.509976359157759e-01
4.257427112176664e-01  4.494071015359600e-01
4.274902413166659e-01  4.480147625262594e-01
4.290408252491381e-01  4.468127969818200e-01
4.303745710009760e-01  4.457337900485648e-01
4.315014954611079e-01  4.447653680354229e-01
4.325205055581879e-01  4.439611845241149e-01
4.333683436931794e-01  4.432291646261337e-01
4.340941918104733e-01  4.425819138771284e-01
4.347151187622983e-01  4.420091812012654e-01
4.352295230914101e-01  4.415152102889900e-01
4.357149416543802e-01  4.411260269195406e-01
4.361256678939376e-01  4.407795517762630e-01
4.364205769074537e-01  4.404242245946091e-01

4.763169013562986e-01  4.763169013562986e-01
4.501063223074421e-01  4.501063223074421e-01
4.420650430733050e-01  4.420650430733050e-01
4.395820457184492e-01  4.395820457184492e-01
4.388466228650948e-01  4.388466228650948e-01
4.386115102663767e-01  4.386115102663767e-01
4.385379156689793e-01  4.385379156689793e-01
4.385205017546017e-01  4.385205017546017e-01
4.385139769883665e-01  4.385139769883665e-01
4.385116185683069e-01  4.385116185683069e-01
4.385107722375090e-01  4.385107722375090e-01
4.385104692266854e-01  4.385104692266854e-01
4.385103609221291e-01  4.385103609221291e-01
4.385103222254131e-01  4.385103222254131e-01
4.385103084702906e-01  4.385103084702906e-01
4.385103035598173e-01  4.385103035598173e-01
4.385103017342368e-01  4.385103017342368e-01
4.385103011443417e-01  4.385103011443417e-01

5.236838132048036e-01  4.763161415570845e-01
4.752948618224606e-01  4.377246177279935e-01
4.589817616388649e-01  4.270789863172464e-01
4.528890761766928e-01  4.253149313210149e-01
4.500314700240668e-01  4.261049965407064e-01
4.482688693820088e-01  4.275319578061617e-01
4.469527386627723e-01  4.290000171485594e-01
4.458375323107816e-01  4.303246857792284e-01
4.448588028014412e-01  4.314685923350822e-01
4.439996379923299e-01  4.324471836623132e-01
4.432736732818009e-01  4.333148641498433e-01
4.426265644030628e-01  4.340547087578305e-01
4.420364080000354e-01  4.346692736142853e-01
4.415428842765977e-01  4.351947913728919e-01
4.411404565886292e-01  4.356745327877992e-01
4.407900967332634e-01  4.360883058256267e-01
4.404298150664425e-01  4.363844190551659e-01
4.401593262058024e-01  4.366794799450303e-01

5.710446499533843e-01  4.763071771862333e-01
5.008990436013746e-01  4.255267131022599e-01
4.758973170931547e-01  4.098447824394740e-01
4.665776517221813e-01  4.073500388790072e-01
4.621627883901367e-01  4.089925962939511e-01
4.593093291919112e-01  4.118156256791524e-01
4.569832316913680e-01  4.148212600557811e-01
4.549384114897772e-01  4.177272484385217e-01
4.531133842822721e-01  4.204428681680757e-01
4.514228972206535e-01  4.228797316265532e-01
4.498758895111973e-01  4.250178919200079e-01
4.484629164989541e-01  4.268841800388037e-01
4.472164637533360e-01  4.285168588822663e-01
4.461020702394385e-01  4.299301847135252e-01
4.450866176473713e-01  4.311274496792819e-01
4.442188431562923e-01  4.321707970388519e-01
4.434779328686092e-01  4.330919467246921e-01
4.428049367758420e-01  4.338606762310486e-01

4.289488519320955e-01  5.236862030803612e-01
4.043189554388320e-01  4.877804823946815e-01
3.985090806313296e-01  4.749177293792002e-01
3.989893887275801e-01  4.693434386957036e-01
4.015812259285007e-01  4.660436330348792e-01
4.048847557152813e-01  4.634724839023442e-01
4.083276615902183e-01  4.611318672312250e-01
4.117044806275015e-01  4.589246337347773e-01
4.148781361681753e-01  4.568015141053909e-01
4.178146029431427e-01  4.548156731318070e-01
4.205016415939657e-01  4.529922885790904e-01
4.229426380833281e-01  4.513283005471617e-01
4.250585019339824e-01  4.497848629209077e-01
4.269455588135877e-01  4.484072717059972e-01
4.285801279704262e-01  4.471752933795186e-01
4.299850234943568e-01  4.460658414802283e-01
4.311749980539348e-01  4.450544581025527e-01
4.322301675484876e-01  4.442064578454488e-01

4.763161415570845e-01  5.236838132048036e-01
4.377246177279935e-01  4.752948618224606e-01
4.270789863172464e-01  4.589817616388649e-01
4.253149313210149e-01  4.528890761766928e-01
4.261049965407064e-01  4.500314700240668e-01
4.275319578061617e-01  4.482688693820088e-01
4.290000171485594e-01  4.469527386627723e-01
4.303246857792284e-01  4.458375323107816e-01
4.314685923350822e-01  4.448588028014412e-01
4.324471836623132e-01  4.439996379923299e-01
4.333148641498433e-01  4.432736732818009e-01
4.340547087578305e-01  4.426265644030628e-01
4.346692736142853e-01  4.420364080000354e-01
4.351947913728919e-01  4.415428842765977e-01
4.356745327877992e-01  4.411404565886292e-01
4.360883058256267e-01  4.407900967332634e-01
4.363844190551659e-01  4.404298150664425e-01
4.366794799450303e-01  4.401593262058024e-01

5.236719167607239e-01  5.236719167607239e-01
4.659001004622074e-01  4.659001004622074e-01
4.468841943982065e-01  4.468841943982065e-01
4.410534045955860e-01  4.410534045955860e-01
4.392696190374240e-01  4.392696190374240e-01
4.387234829226868e-01  4.387234829226868e-01
4.385748847397175e-01  4.385748847397175e-01
4.385057392392187e-01  4.385057392392187e-01
4.385098192162394e-01  4.385098192162394e-01
4.385101288793770e-01  4.385101288793770e-01
4.385102394706284e-01  4.385102394706284e-01
4.385102789647566e-01  4.385102789647566e-01
4.385102930431017e-01  4.385102930431017e-01
4.385102979111909e-01  4.385102979111909e-01
4.385102996652889e-01  4.385102996652889e-01
4.385103004066117e-01  4.385103004066117e-01
4.385103007705776e-01  4.385103007705776e-01
4.385103007397912e-01  4.385103007397912e-01

5.710483248954931e-01  5.236786059416578e-01
4.911530456594320e-01  4.571694755312073e-01
4.626401265930979e-01  4.346926187213773e-01
4.529563749829282e-01  4.290813112085433e-01
4.491138578332506e-01  4.285245761602364e-01
4.471589461172239e-01  4.293610062110605e-01
4.458541984306242e-01  4.304828079342080e-01
4.448082414180586e-01  4.315363488566432e-01
4.439806120588433e-01  4.325341945861211e-01
4.432541679391523e-01  4.333904416061249e-01
4.425782753137535e-01  4.340877217443215e-01
4.420046999962707e-01  4.347073100210941e-01
4.415504752702281e-01  4.352638122728819e-01
4.411396355929618e-01  4.357282650892457e-01
4.407815209578061e-01  4.361274796224824e-01
4.404618817701038e-01  4.364593804536970e-01
4.401965312988390e-01  4.367552016210224e-01
4.399614792770196e-01  4.370035758989517e-01

6.184248386083926e-01  5.236865865595668e-01
5.172661822217050e-01  4.499923805554814e-01
4.781295989576840e-01  4.219320794864284e-01
4.645007401847426e-01  4.153551340098189e-01
4.588895613974491e-01  4.155182211405508e-01
4.557977915080108e-01  4.175552767340894e-01
4.535992016743713e-01  4.200074861678978e-01
4.517853314590698e-01  4.224058382107179e-01
4.501994288474481e-01  4.245948594967696e-01
4.487593354002152e-01  4.265175860203348e-01
4.474705538224129e-01  4.281866267226762e-01
4.463336037725409e-01  4.296492136276945e-01
4.453097308084967e-01  4.309078971850774e-01
4.444066529752922e-01  4.319721539387600e-01
4.436167553921636e-01  4.328927578601166e-01
4.429350080427352e-01  4.336957799616013e-01
4.423400173885573e-01  4.343962493000922e-01
4.418087407918967e-01  4.349772474184731e-01

6.657869221792887e-01  5.236825756889543e-01
5.482974990723987e-01  4.460053603301226e-01
4.967027479365451e-01  4.093433294102045e-01
4.784444212175761e-01  3.989685724037438e-01
4.712314698622622e-01  3.979805784207939e-01
4.674085005661061e-01  4.000462235796255e-01
4.646305419567448e-01  4.031054258726345e-01
4.622555517751416e-01  4.065425156492527e-01
4.600178408086497e-01  4.100129604259956e-01
4.578519495975585e-01  4.132912502604486e-01
4.558373951290756e-01  4.164011136636677e-01
4.539096038049043e-01  4.192079987310711e-01
4.521524289199987e-01  4.217604671632032e-01
4.505548918603495e-01  4.240401641373125e-01
4.491022228666054e-01  4.260500505128209e-01
4.477794244656982e-01  4.277860226657290e-01
4.466165166918322e-01  4.293105877442009e-01
4.455534985233582e-01  4.306045557486768e-01

4.763071771862333e-01  5.710446499533843e-01
4.255267131022599e-01  5.008990436013746e-01
4.098447824394740e-01  4.758973170931547e-01
4.073500388790072e-01  4.665776517221813e-01
4.089925962939511e-01  4.621627883901367e-01
4.118156256791524e-01  4.593093291919112e-01
4.148212600557811e-01  4.569832316913680e-01
4.177272484385217e-01  4.549384114897772e-01
4.204428681680757e-01  4.531133842822721e-01
4.228797316265532e-01  4.514228972206535e-01
4.250178919200079e-01  4.498758895111973e-01
4.268841800388037e-01  4.484629164989541e-01
4.285168588822663e-01  4.472164637533360e-01
4.299301847135252e-01  4.461020702394385e-01
4.311274496792819e-01  4.450866176473713e-01
4.321707970388519e-01  4.442188431562923e-01
4.330919467246921e-01  4.434779328686092e-01
4.338606762310486e-01  4.428049367758420e-01

5.236786059416578e-01  5.710483248954931e-01
4.571694755312073e-01  4.911530456594320e-01
4.346926187213773e-01  4.626401265930979e-01
4.290813112085433e-01  4.529563749829282e-01
4.285245761602364e-01  4.491138578332506e-01
4.293610062110605e-01  4.471589461172239e-01
4.304828079342080e-01  4.458541984306242e-01
4.315363488566432e-01  4.448082414180586e-01
4.325341945861211e-01  4.439806120588433e-01
4.333904416061249e-01  4.432541679391523e-01
4.340877217443215e-01  4.425782753137535e-01
4.347073100210941e-01  4.420046999962707e-01
4.352638122728819e-01  4.415504752702281e-01
4.357282650892457e-01  4.411396355929618e-01
4.361274796224824e-01  4.407815209578061e-01
4.364593804536970e-01  4.404618817701038e-01
4.367552016210224e-01  4.401965312988390e-01
4.370035758989517e-01  4.399614792770196e-01

5.710598109670209e-01  5.710598109670209e-01
4.850100429965116e-01  4.850100429965116e-01
4.528207444655942e-01  4.528207444655942e-01
4.428860013146871e-01  4.428860013146871e-01
4.398545503723812e-01  4.398545503723812e-01
4.389008048172309e-01  4.389008048172309e-01
4.386178267781058e-01  4.386178267781058e-01
4.385389057043925e-01  4.385389057043925e-01
4.385208300190006e-01  4.385208300190006e-01
4.385140968233560e-01  4.385140968233560e-01
4.385116614096289e-01  4.385116614096289e-01
4.385107875244907e-01  4.385107875244907e-01
4.385104748155492e-01  4.385104748155492e-01
4.385103630412083e-01  4.385103630412083e-01
4.385103230888409e-01  4.385103230888409e-01
4.385103088123108e-01  4.385103088123108e-01
4.385103035827890e-01  4.385103035827890e-01
4.385103016579289e-01  4.385103016579289e-01

6.184243544860563e-01  5.710550690838434e-01
5.109212947138947e-01  4.800465905087666e-01
4.678131979107837e-01  4.434161567688937e-01
4.535519853221022e-01  4.329966912627477e-01
4.484581079610816e-01  4.308217948959359e-01
4.461984235427408e-01  4.310031734478698e-01
4.448704786782813e-01  4.317592928445399e-01
4.439612707245968e-01  4.326562488420994e-01
4.431956116212785e-01  4.334541053505939e-01
4.425299941087003e-01  4.341460693947041e-01
4.419632828725826e-01  4.347577281599478e-01
4.415110124241888e-01  4.353027033342746e-01
4.410901831957464e-01  4.357454730401520e-01
4.407485648440982e-01  4.361515676770811e-01
4.404394963073296e-01  4.364857827556720e-01
4.401791933070202e-01  4.367800434256889e-01
4.399385091086095e-01  4.370165802190845e-01
4.397150739303425e-01  4.372034020540724e-01

6.657902017987730e-01  5.710535671056617e-01
5.390059515880389e-01  4.762298033236547e-01
4.833522290429279e-01  4.335750934583356e-01
4.642747008162182e-01  4.216595969713597e-01
4.571231482619233e-01  4.199426839930673e-01
4.537063075448350e-01  4.211768472103664e-01
4.515443840347005e-01  4.231573459033670e-01
4.498673694095306e-01  4.251542699806404e-01
4.484256664851794e-01  4.269780978855128e-01
4.471768786011967e-01  4.285936836444473e-01
4.460690532708988e-01  4.300004796900160e-01
4.450511678305690e-01  4.311810996976281e-01
4.441888187097405e-01  4.322196828266653e-01
4.434271332453408e-01  4.331069461591130e-01
4.427839002647997e-01  4.338979819172315e-01
4.421773870526236e-01  4.345394891268907e-01
4.416821852941487e-01  4.351075594374678e-01
4.412308998539130e-01  4.355675588654730e-01

7.131501464217156e-01  5.710484147777305e-01
5.750707257070313e-01  4.738380749573712e-01
5.039195730562899e-01  4.228165834469183e-01
4.783714256811482e-01  4.067115761213203e-01
4.688509304441667e-01  4.040590205039650e-01
4.643242586438367e-01  4.056781330289456e-01
4.613919976224093e-01  4.086078917384705e-01
4.589985350446847e-01  4.118243822524704e-01
4.568096591322305e-01  4.149359836870807e-01
4.547720904224214e-01  4.178003266025370e-01
4.529800344870313e-01  4.205180069827805e-01
4.513082585733207e-01  4.229426538316715e-01
4.498013999966138e-01  4.251008445984458e-01
4.484007047746593e-01  4.269620364151641e-01
4.471639448168391e-01  4.285871064122940e-01
4.460639947992878e-01  4.300010523941710e-01
4.450472630532428e-01  4.311826856958751e-01
4.441847378911748e-01  4.322193851270918e-01

5.236865865595668e-01  6.184248386083926e-01
4.499923805554814e-01  5.172661822217050e-01
4.219320794864284e-01  4.781295989576840e-01
4.153551340098189e-01  4.645007401847426e-01
4.155182211405508e-01  4.588895613974491e-01
4.175552767340894e-01  4.557977915080108e-01
4.200074861678978e-01  4.535992016743713e-01
4.224058382107179e-01  4.517853314590698e-01
4.245948594967696e-01  4.501994288474481e-01
4.265175860203348e-01  4.487593354002152e-01
4.281866267226762e-01  4.474705538224129e-01
4.296492136276945e-01  4.463336037725409e-01
4.309078971850774e-01  4.453097308084967e-01
4.319721539387600e-01  4.444066529752922e-01
4.328927578601166e-01  4.436167553921636e-01
4.336957799616013e-01  4.429350080427352e-01
4.343962493000922e-01  4.423400173885573e-01
4.349772474184731e-01  4.418087407918967e-01

5.710550690838434e-01  6.184243544860563e-01
4.800465905087666e-01  5.109212947138947e-01
4.434161567688937e-01  4.678131979107837e-01
4.329966912627477e-01  4.535519853221022e-01
4.308217948959359e-01  4.484581079610816e-01
4.310031734478698e-01  4.461984235427408e-01
4.317592928445399e-01  4.448704786782813e-01
4.326562488420994e-01  4.439612707245968e-01
4.334541053505939e-01  4.431956116212785e-01
4.341460693947041e-01  4.425299941087003e-01
4.347577281599478e-01  4.419632828725826e-01
4.353027033342746e-01  4.415110124241888e-01
4.357454730401520e-01  4.410901831957464e-01
4.361515676770811e-01  4.407485648440982e-01
4.364857827556720e-01  4.404394963073296e-01
4.367800434256889e-01  4.401791933070202e-01
4.370165802190845e-01  4.399385091086095e-01
4.372034020540724e-01  4.397150739303425e-01

6.184210526248292e-01  6.184210526248292e-01
5.077387176727244e-01  5.077387176727244e-01
4.602998783121128e-01  4.602998783121128e-01
4.451806176104955e-01  4.451806176104955e-01
4.405365831334593e-01  4.405365831334593e-01
4.391350422447214e-01  4.391350422447214e-01
4.387036203246267e-01  4.387036203246267e-01
4.385687139849613e-01  4.385687139849613e-01
4.385288507923048e-01  4.385288507923048e-01
4.385171248615558e-01  4.385171248615558e-01
4.385127517852360e-01  4.385127517852360e-01
4.385111787276705e-01  4.385111787276705e-01
4.385106148605404e-01  4.385106148605404e-01
4.385104130919282e-01  4.385104130919282e-01
4.385103410042094e-01  4.385103410042094e-01
4.385103151208801e-01  4.385103151208801e-01
4.385103056730657e-01  4.385103056730657e-01
4.385103024204286e-01  4.385103024204286e-01

6.658391132553650e-01  6.184664335859682e-01
5.355624170662316e-01  5.051474628026000e-01
4.756691515759728e-01  4.527840513135384e-01
4.554777107129340e-01  4.364828760310900e-01
4.486178751332083e-01  4.324054629801536e-01
4.458561294622275e-01  4.319218837491361e-01
4.444350678397467e-01  4.324229581745447e-01
4.435112097835979e-01  4.331578227788953e-01
4.428168080904156e-01  4.339025312612614e-01
4.421916962496483e-01  4.345296119307127e-01
4.416766341029212e-01  4.350810314303313e-01
4.412551426328520e-01  4.355740840860906e-01
4.408862425599093e-01  4.359992247126213e-01
4.405424056937783e-01  4.363382102801551e-01
4.402802026461001e-01  4.366651660116639e-01
4.400290491322983e-01  4.369212124828256e-01
4.398185183252047e-01  4.371471125207756e-01
4.396270192983739e-01  4.373311876719722e-01

7.131587037666750e-01  6.184213409652775e-01
5.685249602595577e-01  5.026325557281703e-01
4.934751070233960e-01  4.441541713745620e-01
4.670020369412710e-01  4.255450018626952e-01
4.576139945858995e-01  4.216917411416799e-01
4.535200514337746e-01  4.221837197201092e-01
4.511782270245349e-01  4.238713749069756e-01
4.494621571237500e-01  4.257083154794738e-01
4.480579287417769e-01  4.274562789631825e-01
4.468500962345490e-01  4.290111627827653e-01
4.457652002592645e-01  4.303480700934159e-01
4.447984129471503e-01  4.314858458496781e-01
4.439592208209406e-01  4.324736230270489e-01
4.432345151966885e-01  4.333336007136392e-01
4.425680020165774e-01  4.340436791790618e-01
4.420063814459569e-01  4.346797120809452e-01
4.415345564481616e-01  4.352210782149766e-01
4.411340275663402e-01  4.356987442104439e-01

7.607755268727243e-01  6.185575648701546e-01
6.148970643457267e-01  5.018901616514727e-01
5.200802541294799e-01  4.356169713357514e-01
4.836208630366029e-01  4.106070132015842e-01
4.706485974154002e-01  4.050356652344481e-01
4.650366641028664e-01  4.057161642155726e-01
4.617656935780924e-01  4.083640051397061e-01
4.592571948509642e-01  4.114958121946636e-01
4.570490406920406e-01  4.146248326637416e-01
4.550458823119140e-01  4.175939680523170e-01
4.531867663900940e-01  4.202920243825871e-01
4.514924026204433e-01  4.227419740776995e-01
4.499494965082307e-01  4.249054026247310e-01
4.485222284556914e-01  4.267740033929698e-01
4.472785042380368e-01  4.284298310604823e-01
4.461645277130613e-01  4.298615668442433e-01
4.451350693154465e-01  4.310618087633790e-01
4.442611512382602e-01  4.321125088861389e-01

5.236825756889543e-01  6.657869221792887e-01
4.460053603301226e-01  5.482974990723987e-01
4.093433294102045e-01  4.967027479365451e-01
3.989685724037438e-01  4.784444212175761e-01
3.979805784207939e-01  4.712314698622622e-01
4.000462235796255e-01  4.674085005661061e-01
4.031054258726345e-01  4.646305419567448e-01
4.065425156492527e-01  4.622555517751416e-01
4.100129604259956e-01  4.600178408086497e-01
4.132912502604486e-01  4.578519495975585e-01
4.164011136636677e-01  4.558373951290756e-01
4.192079987310711e-01  4.539096038049043e-01
4.217604671632032e-01  4.521524289199987e-01
4.240401641373125e-01  4.505548918603495e-01
4.260500505128209e-01  4.491022228666054e-01
4.277860226657290e-01  4.477794244656982e-01
4.293105877442009e-01  4.466165166918322e-01
4.306045557486768e-01  4.455534985233582e-01

5.710535671056617e-01  6.657902017987730e-01
4.762298033236547e-01  5.390059515880389e-01
4.335750934583356e-01  4.833522290429279e-01
4.216595969713597e-01  4.642747008162182e-01
4.199426839930673e-01  4.571231482619233e-01
4.211768472103664e-01  4.537063075448350e-01
4.231573459033670e-01  4.515443840347005e-01
4.251542699806404e-01  4.498673694095306e-01
4.269780978855128e-01  4.484256664851794e-01
4.285936836444473e-01  4.471768786011967e-01
4.300004796900160e-01  4.460690532708988e-01
4.311810996976281e-01  4.450511678305690e-01
4.322196828266653e-01  4.441888187097405e-01
4.331069461591130e-01  4.434271332453408e-01
4.338979819172315e-01  4.427839002647997e-01
4.345394891268907e-01  4.421773870526236e-01
4.351075594374678e-01  4.416821852941487e-01
4.355675588654730e-01  4.412308998539130e-01

6.184664335859682e-01  6.658391132553650e-01
5.051474628026000e-01  5.355624170662316e-01
4.527840513135384e-01  4.756691515759728e-01
4.364828760310900e-01  4.554777107129340e-01
4.324054629801536e-01  4.486178751332083e-01
4.319218837491361e-01  4.458561294622275e-01
4.324229581745447e-01  4.444350678397467e-01
4.331578227788953e-01  4.435112097835979e-01
4.339025312612614e-01  4.428168080904156e-01
4.345296119307127e-01  4.421916962496483e-01
4.350810314303313e-01  4.416766341029212e-01
4.355740840860906e-01  4.412551426328520e-01
4.359992247126213e-01  4.408862425599093e-01
4.363382102801551e-01  4.405424056937783e-01
4.366651660116639e-01  4.402802026461001e-01
4.369212124828256e-01  4.400290491322983e-01
4.371471125207756e-01  4.398185183252047e-01
4.373311876719722e-01  4.396270192983739e-01

6.657892717012468e-01  6.657892717012468e-01
5.343409273893696e-01  5.343409273893696e-01
4.698628404431544e-01  4.698628404431544e-01
4.480915223959321e-01  4.480915223959321e-01
4.414569852642108e-01  4.414569852642108e-01
4.394198126526846e-01  4.394198126526846e-01
4.387939093009136e-01  4.387939093009136e-01
4.385977256995945e-01  4.385977256995945e-01
4.385361300095629e-01  4.385361300095629e-01
4.385198919049946e-01  4.385198919049946e-01
4.385137543824187e-01  4.385137543824187e-01
4.385115385299112e-01  4.385115385299112e-01
4.385107436750054e-01  4.385107436750054e-01
4.385104590893962e-01  4.385104590893962e-01
4.385103571764615e-01  4.385103571764615e-01
4.385103208160783e-01  4.385103208160783e-01
4.385103078924848e-01  4.385103078924848e-01
4.385103032188230e-01  4.385103032188230e-01

7.132288057310143e-01  6.658540185590738e-01
5.670826011537288e-01  5.332181751839324e-01
4.876004771719288e-01  4.636546583382894e-01
4.592323567989945e-01  4.397199480562756e-01
4.498450559224784e-01  4.332774130422556e-01
4.463034650585304e-01  4.320839104588510e-01
4.446642496747665e-01  4.324105794116862e-01
4.436593270925634e-01  4.330994696370467e-01
4.428967752864620e-01  4.338015583371074e-01
4.422677778229029e-01  4.344480184502691e-01
4.417252381186367e-01  4.349961088278811e-01
4.413040110629216e-01  4.355063544467032e-01
4.409373143218258e-01  4.359497711920655e-01
4.406012182099748e-01  4.363120364523688e-01
4.402901805391782e-01  4.366007943859146e-01
4.400375528439324e-01  4.368651543825665e-01
4.398219197165765e-01  4.370947652440954e-01
4.396490952217014e-01  4.373057179402548e-01

7.616963735642340e-01  6.667294237590451e-01
6.098462275173141e-01  5.334299506075141e-01
5.106720059002626e-01  4.574977804636324e-01
4.727926076505821e-01  4.291193561842163e-01
4.597859296718246e-01  4.221482665643742e-01
4.545791292343350e-01  4.217694116962733e-01
4.518525425608215e-01  4.232399814115825e-01
4.500159990466484e-01  4.251122703295691e-01
4.485174779599021e-01  4.269023139923719e-01
4.472443038008143e-01  4.285148369969543e-01
4.461257651016095e-01  4.299280474881352e-01
4.451096345721836e-01  4.311300603177390e-01
4.442538680446501e-01  4.321908129506217e-01
4.434983604463617e-01  4.331014463390555e-01
4.428300879192698e-01  4.338776196274964e-01
4.422057317013873e-01  4.345099018290021e-01
4.416903489161785e-01  4.350656356165273e-01
4.412584511025036e-01  4.355515378199904e-01

8.126889234444977e-01  6.690396585415355e-01
6.756389807043820e-01  5.413935850576205e-01
5.509793561152602e-01  4.569657361697196e-01
4.948495118447269e-01  4.167071454653332e-01
4.751012301757092e-01  4.054060654638199e-01
4.674029501897957e-01  4.042961365003982e-01
4.634629290495508e-01  4.064195956468611e-01
4.607067543338225e-01  4.094621517987699e-01
4.583880830979570e-01  4.126751261666481e-01
4.562640980657420e-01  4.157479031088888e-01
4.543085705990387e-01  4.186142852631864e-01
4.525373162507680e-01  4.212453152494913e-01
4.508946771077833e-01  4.235852644674578e-01
4.494044159987540e-01  4.256444395598158e-01
4.480416654375798e-01  4.274322683535609e-01
4.468455085820792e-01  4.289994362988159e-01
4.457583247999491e-01  4.303343725908902e-01
4.447877257985382e-01  4.314684965620703e-01

5.710484147777305e-01  7.131501464217156e-01
4.738380749573712e-01  5.750707257070313e-01
4.228165834469183e-01  5.039195730562899e-01
4.067115761213203e-01  4.783714256811482e-01
4.040590205039650e-01  4.688509304441667e-01
4.056781330289456e-01  4.643242586438367e-01
4.086078917384705e-01  4.613919976224093e-01
4.118243822524704e-01  4.589985350446847e-01
4.149359836870807e-01  4.568096591322305e-01
4.178003266025370e-01  4.547720904224214e-01
4.205180069827805e-01  4.529800344870313e-01
4.229426538316715e-01  4.513082585733207e-01
4.251008445984458e-01  4.498013999966138e-01
4.269620364151641e-01  4.484007047746593e-01
4.285871064122940e-01  4.471639448168391e-01
4.300010523941710e-01  4.460639947992878e-01
4.311826856958751e-01  4.450472630532428e-01
4.322193851270918e-01  4.441847378911748e-01

6.184213409652775e-01  7.131587037666750e-01
5.026325557281703e-01  5.685249602595577e-01
4.441541713745620e-01  4.934751070233960e-01
4.255450018626952e-01  4.670020369412710e-01
4.216917411416799e-01  4.576139945858995e-01
4.221837197201092e-01  4.535200514337746e-01
4.238713749069756e-01  4.511782270245349e-01
4.257083154794738e-01  4.494621571237500e-01
4.274562789631825e-01  4.480579287417769e-01
4.290111627827653e-01  4.468500962345490e-01
4.303480700934159e-01  4.457652002592645e-01
4.314858458496781e-01  4.447984129471503e-01
4.324736230270489e-01  4.439592208209406e-01
4.333336007136392e-01  4.432345151966885e-01
4.340436791790618e-01  4.425680020165774e-01
4.346797120809452e-01  4.420063814459569e-01
4.352210782149766e-01  4.415345564481616e-01
4.356987442104439e-01  4.411340275663402e-01

6.658540185590738e-01  7.132288057310143e-01
5.332181751839324e-01  5.670826011537288e-01
4.636546583382894e-01  4.876004771719288e-01
4.397199480562756e-01  4.592323567989945e-01
4.332774130422556e-01  4.498450559224784e-01
4.320839104588510e-01  4.463034650585304e-01
4.324105794116862e-01  4.446642496747665e-01
4.330994696370467e-01  4.436593270925634e-01
4.338015583371074e-01  4.428967752864620e-01
4.344480184502691e-01  4.422677778229029e-01
4.349961088278811e-01  4.417252381186367e-01
4.355063544467032e-01  4.413040110629216e-01
4.359497711920655e-01  4.409373143218258e-01
4.363120364523688e-01  4.406012182099748e-01
4.366007943859146e-01  4.402901805391782e-01
4.368651543825665e-01  4.400375528439324e-01
4.370947652440954e-01  4.398219197165765e-01
4.373057179402548e-01  4.396490952217014e-01

7.166554916344954e-01  7.166554916344954e-01
5.710664320881406e-01  5.710664320881406e-01
4.850123692745797e-01  4.850123692745797e-01
4.528327586816897e-01  4.528327586816897e-01
4.428685644716302e-01  4.428685644716302e-01
4.398401209906168e-01  4.398401209906168e-01
4.389167353823732e-01  4.389167353823732e-01
4.386089277303442e-01  4.386089277303442e-01
4.385376708469447e-01  4.385376708469447e-01
4.385204247694602e-01  4.385204247694602e-01
4.385139486950757e-01  4.385139486950757e-01
4.385116082492762e-01  4.385116082492762e-01
4.385107684361197e-01  4.385107684361197e-01
4.385104679144892e-01  4.385104679144892e-01
4.385103605038395e-01  4.385103605038395e-01
4.385103221978082e-01  4.385103221978082e-01
4.385103085418711e-01  4.385103085418711e-01
4.385103034826329e-01  4.385103034826329e-01

7.775262553664828e-01  7.289390487506910e-01
6.287929413361256e-01  5.869337328614972e-01
5.154573974866417e-01  4.886927170209668e-01
4.683693104583816e-01  4.475211508256785e-01
4.528499130136024e-01  4.353764843545984e-01
4.474535026278690e-01  4.325113528351827e-01
4.451757804087309e-01  4.323105293634918e-01
4.439955916621868e-01  4.329111479820703e-01
4.431570712455794e-01  4.336095681033199e-01
4.424747272674598e-01  4.342614840240026e-01
4.419205253932709e-01  4.348617870958408e-01
4.414570796002870e-01  4.353755022040542e-01
4.410412999016580e-01  4.358072334187105e-01
4.406976837481669e-01  4.361956829374072e-01
4.403926744019079e-01  4.365204726590043e-01
4.401265772838071e-01  4.367969726659105e-01
4.399109230463484e-01  4.370488943378378e-01
4.397077712951106e-01  4.372480510670486e-01

8.264375151168587e-01  7.288618497382020e-01
6.896835079730782e-01  5.975171038882086e-01
5.524976902426784e-01  4.910211051431388e-01
4.872799362230417e-01  4.400203416272047e-01
4.647323235148665e-01  4.247317878081027e-01
4.565854534817415e-01  4.218802814567936e-01
4.528877845895849e-01  4.226156340063863e-01
4.507321194762338e-01  4.243596596701589e-01
4.491056890910752e-01  4.261863631882442e-01
4.477463267897688e-01  4.278692182484348e-01
4.465750900131976e-01  4.293725645285498e-01
4.455067517500686e-01  4.306476029138637e-01
4.445723141903538e-01  4.317386574284957e-01
4.437690114224942e-01  4.326986213837440e-01
4.430696854335046e-01  4.335290012936949e-01
4.424453857801813e-01  4.342369944558441e-01
4.419082832712927e-01  4.348534548926536e-01
4.414517607030433e-01  4.353731824798031e-01

8.604756593497719e-01  7.169413378173051e-01
7.492233702457023e-01  5.998453103157062e-01
6.055027524268615e-01  4.905088483041379e-01
5.174291360004817e-01  4.289511128731314e-01
4.841538062452627e-01  4.065010134628017e-01
4.721705483747984e-01  4.016691227924098e-01
4.668621056472062e-01  4.025826159256747e-01
4.636417529078283e-01  4.053334740228944e-01
4.610991353072684e-01  4.085915944220870e-01
4.588409050270149e-01  4.119131463207558e-01
4.567080721782502e-01  4.150605571839469e-01
4.547361172378326e-01  4.179938827954830e-01
4.529105506401750e-01  4.206607361832211e-01
4.512331795732293e-01  4.230641102476943e-01
4.497159188500213e-01  4.251868916968232e-01
4.483304626209752e-01  4.270434805589689e-01
4.471056889563765e-01  4.286629642545836e-01
4.460161556860701e-01  4.300703198250784e-01

6.185575648701546e-01  7.607755268727243e-01
5.018901616514727e-01  6.148970643457267e-01
4.356169713357514e-01  5.200802541294799e-01
4.106070132015842e-01  4.836208630366029e-01
4.050356652344481e-01  4.706485974154002e-01
4.057161642155726e-01  4.650366641028664e-01
4.083640051397061e-01  4.617656935780924e-01
4.114958121946636e-01  4.592571948509642e-01
4.146248326637416e-01  4.570490406920406e-01
4.175939680523170e-01  4.550458823119140e-01
4.202920243825871e-01  4.531867663900940e-01
4.227419740776995e-01  4.514924026204433e-01
4.249054026247310e-01  4.499494965082307e-01
4.267740033929698e-01  4.485222284556914e-01
4.284298310604823e-01  4.472785042380368e-01
4.298615668442433e-01  4.461645277130613e-01
4.310618087633790e-01  4.451350693154465e-01
4.321125088861389e-01  4.442611512382602e-01

6.667294237590451e-01  7.616963735642340e-01
5.334299506075141e-01  6.098462275173141e-01
4.574977804636324e-01  5.106720059002626e-01
4.291193561842163e-01  4.727926076505821e-01
4.221482665643742e-01  4.597859296718246e-01
4.217694116962733e-01  4.545791292343350e-01
4.232399814115825e-01  4.518525425608215e-01
4.251122703295691e-01  4.500159990466484e-01
4.269023139923719e-01  4.485174779599021e-01
4.285148369969543e-01  4.472443038008143e-01
4.299280474881352e-01  4.461257651016095e-01
4.311300603177390e-01  4.451096345721836e-01
4.321908129506217e-01  4.442538680446501e-01
4.331014463390555e-01  4.434983604463617e-01
4.338776196274964e-01  4.428300879192698e-01
4.345099018290021e-01  4.422057317013873e-01
4.350656356165273e-01  4.416903489161785e-01
4.355515378199904e-01  4.412584511025036e-01

7.289390487506910e-01  7.775262553664828e-01
5.869337328614972e-01  6.287929413361256e-01
4.886927170209668e-01  5.154573974866417e-01
4.475211508256785e-01  4.683693104583816e-01
4.353764843545984e-01  4.528499130136024e-01
4.325113528351827e-01  4.474535026278690e-01
4.323105293634918e-01  4.451757804087309e-01
4.329111479820703e-01  4.439955916621868e-01
4.336095681033199e-01  4.431570712455794e-01
4.342614840240026e-01  4.424747272674598e-01
4.348617870958408e-01  4.419205253932709e-01
4.353755022040542e-01  4.414570796002870e-01
4.358072334187105e-01  4.410412999016580e-01
4.361956829374072e-01  4.406976837481669e-01
4.365204726590043e-01  4.403926744019079e-01
4.367969726659105e-01  4.401265772838071e-01
4.370488943378378e-01  4.399109230463484e-01
4.372480510670486e-01  4.397077712951106e-01

8.003878285224816e-01  8.003878285224816e-01
6.798288983420071e-01  6.798288983420071e-01
5.433291797131061e-01  5.433291797131061e-01
4.733682984792819e-01  4.733682984792819e-01
4.491729830548109e-01  4.491729830548109e-01
4.417783676383269e-01  4.417783676383269e-01
4.394839033763221e-01  4.394839033763221e-01
4.387777195332398e-01  4.387777195332398e-01
4.385850378869287e-01  4.385850378869287e-01
4.385048000765496e-01  4.385048000765496e-01
4.385083633217787e-01  4.385083633217787e-01
4.385096114628578e-01  4.385096114628578e-01
4.385100548752330e-01  4.385100548752330e-01
4.385102128727302e-01  4.385102128727302e-01
4.385102691738113e-01  4.385102691738113e-01
4.385102893029240e-01  4.385102893029240e-01
4.385102966670442e-01  4.385102966670442e-01
4.385102993322181e-01  4.385102993322181e-01

8.413707650950555e-01  7.919121188310236e-01
7.349232256402218e-01  6.880901460633009e-01
5.849009777202610e-01  5.489648560801432e-01
4.950070935522647e-01  4.705049221345291e-01
4.615832756586866e-01  4.418533824916361e-01
4.505984673918527e-01  4.339079866573971e-01
4.465766756205383e-01  4.322699848898375e-01
4.447516750513986e-01  4.324263313853831e-01
4.436899105779698e-01  4.330681958071864e-01
4.429409442752216e-01  4.337940192331562e-01
4.422977455248730e-01  4.344328988206947e-01
4.417520489421499e-01  4.349847803643143e-01
4.413077349052719e-01  4.354765775118311e-01
4.409299905997710e-01  4.359119228934291e-01
4.405993980176067e-01  4.362830611644268e-01
4.403216376502468e-01  4.366102134015575e-01
4.400572485770144e-01  4.368660111190338e-01
4.398333182067020e-01  4.370899038433093e-01

8.626177719327933e-01  7.668804707752237e-01
7.560082837781593e-01  6.609685628798386e-01
6.043319217407304e-01  5.292403395028736e-01
5.082452736189566e-01  4.554843316798988e-01
4.719818077175919e-01  4.284776188732347e-01
4.595110258188819e-01  4.219788870593867e-01
4.544545842908874e-01  4.217224920605138e-01
4.518117318847850e-01  4.232690604826099e-01
4.499904864026990e-01  4.251497423281211e-01
4.484952290997505e-01  4.269350213227644e-01
4.472265915559441e-01  4.285460519169784e-01
4.461063134672343e-01  4.299519909942902e-01
4.450899817149300e-01  4.311473199027205e-01
4.442183173616931e-01  4.321844132233990e-01
4.434562518808912e-01  4.330808124692387e-01
4.427824295632825e-01  4.338456468851729e-01
4.421874551758997e-01  4.345049393455359e-01
4.416832585244624e-01  4.350699283023221e-01

6.690396585415355e-01  8.126889234444977e-01
5.413935850576205e-01  6.756389807043820e-01
4.569657361697196e-01  5.509793561152602e-01
4.167071454653332e-01  4.948495118447269e-01
4.054060654638199e-01  4.751012301757092e-01
4.042961365003982e-01  4.674029501897957e-01
4.064195956468611e-01  4.634629290495508e-01
4.094621517987699e-01  4.607067543338225e-01
4.126751261666481e-01  4.583880830979570e-01
4.157479031088888e-01  4.562640980657420e-01
4.186142852631864e-01  4.543085705990387e-01
4.212453152494913e-01  4.525373162507680e-01
4.235852644674578e-01  4.508946771077833e-01
4.256444395598158e-01  4.494044159987540e-01
4.274322683535609e-01  4.480416654375798e-01
4.289994362988159e-01  4.468455085820792e-01
4.303343725908902e-01  4.457583247999491e-01
4.314684965620703e-01  4.447877257985382e-01

7.288618497382020e-01  8.264375151168587e-01
5.975171038882086e-01  6.896835079730782e-01
4.910211051431388e-01  5.524976902426784e-01
4.400203416272047e-01  4.872799362230417e-01
4.247317878081027e-01  4.647323235148665e-01
4.218802814567936e-01  4.565854534817415e-01
4.226156340063863e-01  4.528877845895849e-01
4.243596596701589e-01  4.507321194762338e-01
4.261863631882442e-01  4.491056890910752e-01
4.278692182484348e-01  4.477463267897688e-01
4.293725645285498e-01  4.465750900131976e-01
4.306476029138637e-01  4.455067517500686e-01
4.317386574284957e-01  4.445723141903538e-01
4.326986213837440e-01  4.437690114224942e-01
4.335290012936949e-01  4.430696854335046e-01
4.342369944558441e-01  4.424453857801813e-01
4.348534548926536e-01  4.419082832712927e-01
4.353731824798031e-01  4.414517607030433e-01

7.919121188310236e-01  8.413707650950555e-01
6.880901460633009e-01  7.349232256402218e-01
5.489648560801432e-01  5.849009777202610e-01
4.705049221345291e-01  4.950070935522647e-01
4.418533824916361e-01  4.615832756586866e-01
4.339079866573971e-01  4.505984673918527e-01
4.322699848898375e-01  4.465766756205383e-01
4.324263313853831e-01  4.447516750513986e-01
4.330681958071864e-01  4.436899105779698e-01
4.337940192331562e-01  4.429409442752216e-01
4.344328988206947e-01  4.422977455248730e-01
4.349847803643143e-01  4.417520489421499e-01
4.354765775118311e-01  4.413077349052719e-01
4.359119228934291e-01  4.409299905997710e-01
4.362830611644268e-01  4.405993980176067e-01
4.366102134015575e-01  4.403216376502468e-01
4.368660111190338e-01  4.400572485770144e-01
4.370899038433093e-01  4.398333182067020e-01

8.276034190514689e-01  8.276034190514689e-01
7.370687020233877e-01  7.370687020233877e-01
5.900727853645543e-01  5.900727853645543e-01
4.937267398472684e-01  4.937267398472684e-01
4.556262875463619e-01  4.556262875463619e-01
4.437478641431218e-01  4.437478641431218e-01
4.400959509284624e-01  4.400959509284624e-01
4.389981811295899e-01  4.389981811295899e-01
4.386460849025955e-01  4.386460849025955e-01
4.385493071295377e-01  4.385493071295377e-01
4.385234057100463e-01  4.385234057100463e-01
4.385150501397314e-01  4.385150501397314e-01
4.385120044302429e-01  4.385120044302429e-01
4.385109105132707e-01  4.385109105132707e-01
4.385105186078486e-01  4.385105186078486e-01
4.385103784374867e-01  4.385103784374867e-01
4.385103284694568e-01  4.385103284694568e-01
4.385103106846562e-01  4.385103106846562e-01

8.579067398915190e-01  8.103825388949728e-01
7.729675651143103e-01  7.270829310817218e-01
6.237276226396212e-01  5.845241374804684e-01
5.127940092749276e-01  4.876707594264502e-01
4.671980864185271e-01  4.475832426683980e-01
4.521936746798784e-01  4.357499875195055e-01
4.469853922604095e-01  4.329321724863402e-01
4.448115860090410e-01  4.327172802432255e-01
4.436574577632985e-01  4.332391791778758e-01
4.428639584140116e-01  4.338931530141348e-01
4.422211245591531e-01  4.345103342403756e-01
4.416965881647518e-01  4.350590311538797e-01
4.412670797147869e-01  4.355490242971687e-01
4.408996381886711e-01  4.359801423206600e-01
4.405566128946632e-01  4.363247186297828e-01
4.402838921113623e-01  4.366449913601209e-01
4.400350676287474e-01  4.369067986930795e-01
4.398018359858549e-01  4.371127162758628e-01

9.026765719635060e-01  8.079334537612620e-01
8.435891849696617e-01  7.455154204581019e-01
7.184378499157562e-01  6.233090098265140e-01
5.724641953676781e-01  5.054376702111966e-01
4.950525757120468e-01  4.452164851799790e-01
4.675689516616692e-01  4.257525087003289e-01
4.578592947137188e-01  4.216355911391950e-01
4.536709400719287e-01  4.220670810000850e-01
4.512988305384968e-01  4.237584932351946e-01
4.495358640841453e-01  4.255705986690259e-01
4.481331375205438e-01  4.273456143132972e-01
4.469189782831313e-01  4.289154624637129e-01
4.458421187696219e-01  4.302829556744581e-01
4.448468580942409e-01  4.314124397490904e-01
4.440137884508312e-01  4.324223034641529e-01
4.432947422406948e-01  4.333045397695228e-01
4.426304767697162e-01  4.340302798800621e-01
4.420453334684272e-01  4.346540174106925e-01

7.169413378173051e-01  8.604756593497719e-01
5.998453103157062e-01  7.492233702457023e-01
4.905088483041379e-01  6.055027524268615e-01
4.289511128731314e-01  5.174291360004817e-01
4.065010134628017e-01  4.841538062452627e-01
4.016691227924098e-01  4.721705483747984e-01
4.025826159256747e-01  4.668621056472062e-01
4.053334740228944e-01  4.636417529078283e-01
4.085915944220870e-01  4.610991353072684e-01
4.119131463207558e-01  4.588409050270149e-01
4.150605571839469e-01  4.567080721782502e-01
4.179938827954830e-01  4.547361172378326e-01
4.206607361832211e-01  4.529105506401750e-01
4.230641102476943e-01  4.512331795732293e-01
4.251868916968232e-01  4.497159188500213e-01
4.270434805589689e-01  4.483304626209752e-01
4.286629642545836e-01  4.471056889563765e-01
4.300703198250784e-01  4.460161556860701e-01

7.668804707752237e-01  8.626177719327933e-01
6.609685628798386e-01  7.560082837781593e-01
5.292403395028736e-01  6.043319217407304e-01
4.554843316798988e-01  5.082452736189566e-01
4.284776188732347e-01  4.719818077175919e-01
4.219788870593867e-01  4.595110258188819e-01
4.217224920605138e-01  4.544545842908874e-01
4.232690604826099e-01  4.518117318847850e-01
4.251497423281211e-01  4.499904864026990e-01
4.269350213227644e-01  4.484952290997505e-01
4.285460519169784e-01  4.472265915559441e-01
4.299519909942902e-01  4.461063134672343e-01
4.311473199027205e-01  4.450899817149300e-01
4.321844132233990e-01  4.442183173616931e-01
4.330808124692387e-01  4.434562518808912e-01
4.338456468851729e-01  4.427824295632825e-01
4.345049393455359e-01  4.421874551758997e-01
4.350699283023221e-01  4.416832585244624e-01

8.103825388949728e-01  8.579067398915190e-01
7.270829310817218e-01  7.729675651143103e-01
5.845241374804684e-01  6.237276226396212e-01
4.876707594264502e-01  5.127940092749276e-01
4.475832426683980e-01  4.671980864185271e-01
4.357499875195055e-01  4.521936746798784e-01
4.329321724863402e-01  4.469853922604095e-01
4.327172802432255e-01  4.448115860090410e-01
4.332391791778758e-01  4.436574577632985e-01
4.338931530141348e-01  4.428639584140116e-01
4.345103342403756e-01  4.422211245591531e-01
4.350590311538797e-01  4.416965881647518e-01
4.355490242971687e-01  4.412670797147869e-01
4.359801423206600e-01  4.408996381886711e-01
4.363247186297828e-01  4.405566128946632e-01
4.366449913601209e-01  4.402838921113623e-01
4.369067986930795e-01  4.400350676287474e-01
4.371127162758628e-01  4.398018359858549e-01

8.554057195533601e-01  8.554057195533601e-01
7.993966409113488e-01  7.993966409113488e-01
6.779392123585076e-01  6.779392123585076e-01
5.420861683954175e-01  5.420861683954175e-01
4.728785923975838e-01  4.728785923975838e-01
4.490173993675021e-01  4.490173993675021e-01
4.417133383709975e-01  4.417133383709975e-01
4.394964760724018e-01  4.394964760724018e-01
4.388176936239856e-01  4.388176936239856e-01
4.386020363767936e-01  4.386020363767936e-01
4.385364498090571e-01  4.385364498090571e-01
4.385200014604779e-01  4.385200014604779e-01
4.385137943272528e-01  4.385137943272528e-01
4.385115530169012e-01  4.385115530169012e-01
4.385107488433366e-01  4.385107488433366e-01
4.385104609800594e-01  4.385104609800594e-01
4.385103578793272e-01  4.385103578793272e-01
4.385103210278699e-01  4.385103210278699e-01

9.026346809724440e-01  8.552660940607192e-01
8.687219057253437e-01  8.211764620418323e-01
7.975002247667653e-01  7.510537645934049e-01
6.561494398831639e-01  6.146194776216455e-01
5.297947942171779e-01  5.033671119592255e-01
4.729775900969924e-01  4.529696739427602e-01
4.540009657776993e-01  4.373803684695688e-01
4.475619967609731e-01  4.333953575792940e-01
4.450288747822453e-01  4.328492724686178e-01
4.437314734768010e-01  4.332416045788933e-01
4.429285833944310e-01  4.338979907903971e-01
4.422740342614218e-01  4.345128307487792e-01
4.417442109860183e-01  4.350660439633079e-01
4.412934282205509e-01  4.355401834989983e-01
4.409189297062478e-01  4.359694928820307e-01
4.405948786207598e-01  4.363383895727636e-01
4.402785131633365e-01  4.366174740290076e-01
4.400504498186802e-01  4.369031187969799e-01

9.499975665738510e-01  8.552614277090659e-01
9.316979574960110e-01  8.311948311225202e-01
8.988867274802381e-01  7.922031152150818e-01
8.299532910645236e-01  7.184834283896502e-01
6.947184662016097e-01  5.878915507163612e-01
5.571500673959819e-01  4.848719470363003e-01
4.910805519871965e-01  4.347838255783779e-01
4.680757177518413e-01  4.199080565193457e-01
4.596379052416412e-01  4.174683012796799e-01
4.557049074451053e-01  4.186555332021383e-01
4.532722558805456e-01  4.207909669758177e-01
4.513975018642027e-01  4.230313043334739e-01
4.498184821269566e-01  4.251183167160814e-01
4.484072339968214e-01  4.269694351564469e-01
4.471699718200548e-01  4.285956258369734e-01
4.460575922162919e-01  4.299960879311085e-01
4.450381902603027e-01  4.311738544852267e-01
4.441765758088215e-01  4.322108236327784e-01

8.079334537612620e-01  9.026765719635060e-01
7.455154204581019e-01  8.435891849696617e-01
6.233090098265140e-01  7.184378499157562e-01
5.054376702111966e-01  5.724641953676781e-01
4.452164851799790e-01  4.950525757120468e-01
4.257525087003289e-01  4.675689516616692e-01
4.216355911391950e-01  4.578592947137188e-01
4.220670810000850e-01  4.536709400719287e-01
4.237584932351946e-01  4.512988305384968e-01
4.255705986690259e-01  4.495358640841453e-01
4.273456143132972e-01  4.481331375205438e-01
4.289154624637129e-01  4.469189782831313e-01
4.302829556744581e-01  4.458421187696219e-01
4.314124397490904e-01  4.448468580942409e-01
4.324223034641529e-01  4.440137884508312e-01
4.333045397695228e-01  4.432947422406948e-01
4.340302798800621e-01  4.426304767697162e-01
4.346540174106925e-01  4.420453334684272e-01

8.552660940607192e-01  9.026346809724440e-01
8.211764620418323e-01  8.687219057253437e-01
7.510537645934049e-01  7.975002247667653e-01
6.146194776216455e-01  6.561494398831639e-01
5.033671119592255e-01  5.297947942171779e-01
4.529696739427602e-01  4.729775900969924e-01
4.373803684695688e-01  4.540009657776993e-01
4.333953575792940e-01  4.475619967609731e-01
4.328492724686178e-01  4.450288747822453e-01
4.332416045788933e-01  4.437314734768010e-01
4.338979907903971e-01  4.429285833944310e-01
4.345128307487792e-01  4.422740342614218e-01
4.350660439633079e-01  4.417442109860183e-01
4.355401834989983e-01  4.412934282205509e-01
4.359694928820307e-01  4.409189297062478e-01
4.363383895727636e-01  4.405948786207598e-01
4.366174740290076e-01  4.402785131633365e-01
4.369031187969799e-01  4.400504498186802e-01

9.026315862114390e-01  9.026315862114390e-01
8.870575729925932e-01  8.870575729925932e-01
8.616978851409218e-01  8.616978851409218e-01
8.128501196600307e-01  8.128501196600307e-01
7.048819841484855e-01  7.048819841484855e-01
5.614083506275770e-01  5.614083506275770e-01
4.808120791114672e-01  4.808120791114672e-01
4.515137446193651e-01  4.515137446193651e-01
4.424703430879200e-01  4.424703430879200e-01
4.396992970824379e-01  4.396992970824379e-01
4.388759046102674e-01  4.388759046102674e-01
4.385982916775049e-01  4.385982916775049e-01
4.385375091565331e-01  4.385375091565331e-01
4.385203700013948e-01  4.385203700013948e-01
4.385139286388754e-01  4.385139286388754e-01
4.385116011989744e-01  4.385116011989744e-01
4.385107658142233e-01  4.385107658142233e-01
4.385104666545507e-01  4.385104666545507e-01

9.500000000034555e-01  9.026315789508172e-01
9.425884236657247e-01  8.943984367618630e-01
9.325611582823796e-01  8.835500922082724e-01
9.180783199298646e-01  8.682954532019681e-01
8.950463289429743e-01  8.446662402154814e-01
8.523767985928192e-01  8.019970804916323e-01
7.585127254516892e-01  7.101742925041890e-01
6.074111971806265e-01  5.676373816992966e-01
5.052060775808379e-01  4.790984776117166e-01
4.650429707019634e-01  4.443420681824357e-01
4.518313656941064e-01  4.343905457937330e-01
4.471213590728048e-01  4.321789295243313e-01
4.450763558728961e-01  4.322031396209633e-01
4.439459051835656e-01  4.328521442191333e-01
4.431237155407663e-01  4.335655786889754e-01
4.424794845552945e-01  4.342577072170379e-01
4.419191847651351e-01  4.348535262809985e-01
4.414516310794181e-01  4.353633753044213e-01

8.552614277090659e-01  9.499975665738510e-01
8.311948311225202e-01  9.316979574960110e-01
7.922031152150818e-01  8.988867274802381e-01
7.184834283896502e-01  8.299532910645236e-01
5.878915507163612e-01  6.947184662016097e-01
4.848719470363003e-01  5.571500673959819e-01
4.347838255783779e-01  4.910805519871965e-01
4.199080565193457e-01  4.680757177518413e-01
4.174683012796799e-01  4.596379052416412e-01
4.186555332021383e-01  4.557049074451053e-01
4.207909669758177e-01  4.532722558805456e-01
4.230313043334739e-01  4.513975018642027e-01
4.251183167160814e-01  4.498184821269566e-01
4.269694351564469e-01  4.484072339968214e-01
4.285956258369734e-01  4.471699718200548e-01
4.299960879311085e-01  4.460575922162919e-01
4.311738544852267e-01  4.450381902603027e-01
4.322108236327784e-01  4.441765758088215e-01

9.026315789508172e-01  9.500000000034555e-01
8.943984367618630e-01  9.425884236657247e-01
8.835500922082724e-01  9.325611582823796e-01
8.682954532019681e-01  9.180783199298646e-01
8.446662402154814e-01  8.950463289429743e-01
8.019970804916323e-01  8.523767985928192e-01
7.101742925041890e-01  7.585127254516892e-01
5.676373816992966e-01  6.074111971806265e-01
4.790984776117166e-01  5.052060775808379e-01
4.443420681824357e-01  4.650429707019634e-01
4.343905457937330e-01  4.518313656941064e-01
4.321789295243313e-01  4.471213590728048e-01
4.322031396209633e-01  4.450763558728961e-01
4.328521442191333e-01  4.439459051835656e-01
4.335655786889754e-01  4.431237155407663e-01
4.342577072170379e-01  4.424794845552945e-01
4.348535262809985e-01  4.419191847651351e-01
4.353633753044213e-01  4.414516310794181e-01

9.499999999991350e-01  9.499999999991350e-01
9.478605029929325e-01  9.478605029929325e-01
9.454859102963772e-01  9.454859102963772e-01
9.427689283792572e-01  9.427689283792572e-01
9.396364251371092e-01  9.396364251371092e-01
9.360125147953864e-01  9.360125147953864e-01
9.317016503045534e-01  9.317016503045534e-01
9.264889958376999e-01  9.264889958376999e-01
9.199782219921444e-01  9.199782219921444e-01
9.115740093201752e-01  9.115740093201752e-01
9.001143176245997e-01  9.001143176245997e-01
8.831741533988023e-01  8.831741533988023e-01
8.547768935304831e-01  8.547768935304831e-01
7.980258682568006e-01  7.980258682568006e-01
6.754071820604679e-01  6.754071820604679e-01
5.404418713438951e-01  5.404418713438951e-01
4.722237763363167e-01  4.722237763363167e-01
4.488208342853127e-01  4.488208342853127e-01

