7.131574448605967e-01  4.999998347722033e-02
6.609846184176313e-01  7.350104174584494e-02
6.340689737545340e-01  8.886007110410120e-02
6.228755791337165e-01  9.375319842366198e-02
6.176442282197546e-01  9.337670572002471e-02
6.142823042469370e-01  9.074782720768274e-02
6.113047787433417e-01  8.700869611131611e-02
6.083276452130308e-01  8.256021128291219e-02
6.051232748380707e-01  7.761769872412230e-02
6.017373694049463e-01  7.227380362887077e-02
5.982103242197195e-01  6.664352404111377e-02
5.946481102142771e-01  6.086212698837356e-02
5.911556627126259e-01  5.508051820775981e-02
5.878068640703472e-01  4.943059065824969e-02
5.846527274679152e-01  4.403729143963363e-02
5.817433289067643e-01  3.897471101838013e-02
5.790896677307629e-01  3.429214922570228e-02
5.767236907932356e-01  3.003004173931269e-02

8.078947836233548e-01  9.736842507331479e-02
7.952371780076029e-01  1.761608217788118e-01
8.443375049165750e-01  3.189659691127245e-01
8.794441214814843e-01  4.496688828465485e-01
8.913135338644929e-01  4.972638909921163e-01
8.960710508940973e-01  5.122024611892342e-01
8.990494637932951e-01  5.175500328184732e-01
9.018009712451353e-01  5.199656792806925e-01
9.048216376299669e-01  5.215590782287014e-01
9.082777208603111e-01  5.230167377787831e-01
9.122378191401672e-01  5.245705027324780e-01
9.167126752179795e-01  5.262843970365233e-01
9.216436537443637e-01  5.281651532453174e-01
9.269746155023029e-01  5.301865416256800e-01
9.326028201532283e-01  5.323161430081906e-01
9.383945432858842e-01  5.345196199299631e-01
9.442186169904444e-01  5.367485907336564e-01
9.499234894553146e-01  5.389844294686106e-01

2.333494210205492e-01  1.448351072854200e-01
3.207144464516056e-01  1.653584756076289e-01
4.572927980525073e-01  1.757863273779138e-01
5.623356415358628e-01  1.324052195699139e-01
5.954864069823352e-01  9.908542519175792e-02
6.034053591828028e-01  8.630639920651345e-02
6.036603127072292e-01  7.894510713225192e-02
6.013908396363715e-01  7.288028074299022e-02
5.982511924716321e-01  6.704667750041367e-02
5.947982387479169e-01  6.121419666156333e-02
5.913407901848345e-01  5.541439417165867e-02
5.879583043372605e-01  4.974668305982016e-02
5.848119713144397e-01  4.432408961906546e-02
5.819089228089863e-01  3.924132105514025e-02
5.792365396502902e-01  3.453860574391177e-02
5.768656967720592e-01  3.025559456028886e-02
5.747641326773673e-01  2.640229607806999e-02
5.729141255966586e-01  2.296163254815542e-02

2.308753842506524e-01  1.558477198284579e-01
3.104863516029145e-01  1.817827079788453e-01
4.313036655768728e-01  2.043914495397195e-01
5.464296885009212e-01  1.806119870859668e-01
5.997203180089421e-01  1.329794035955320e-01
6.166015321771544e-01  1.158497795706244e-01
6.217678453099154e-01  1.101017451862606e-01
6.230903143639225e-01  1.076564177496471e-01
6.230405095170282e-01  1.061135726433455e-01
6.224305743497917e-01  1.046792058275322e-01
6.214675712955876e-01  1.030749361986582e-01
6.202357966576451e-01  1.011526808688707e-01
6.187221519682224e-01  9.884541396207258e-02
6.169374418957585e-01  9.608046305056069e-02
6.148632291158705e-01  9.283296996660470e-02
6.124270428695268e-01  8.908664709782628e-02
6.096586245477380e-01  8.479696947141285e-02
6.066233241139629e-01  8.002232785256128e-02

5.710532589503680e-01  1.447368497280991e-01
6.032554106578510e-01  1.118505327380049e-01
6.119938137383751e-01  1.000687243028914e-01
6.132500694130208e-01  9.410651051488793e-02
6.119015659825755e-01  8.949341450342754e-02
6.095083042193641e-01  8.493789500977604e-02
6.065877839976702e-01  8.009041053440046e-02
6.033551709809813e-01  7.487791007573602e-02
5.998863017293493e-01  6.936045203551515e-02
5.963395314658680e-01  6.362728826946872e-02
5.927945298755080e-01  5.782037096970799e-02
5.893677615906117e-01  5.209154477067836e-02
5.861264867593557e-01  4.656415410171359e-02
5.830980605612122e-01  4.133302977309012e-02
5.803312059022931e-01  3.646607758286052e-02
5.778313738182009e-01  3.201090287162715e-02
5.756135389576973e-01  2.796570493972452e-02
5.736628578512953e-01  2.435722423124667e-02

3.598564325263118e-01  1.983578267286358e-01
4.831386936611741e-01  2.094845230893171e-01
5.758906204138118e-01  1.647125619111026e-01
6.113924402629304e-01  1.301986998305696e-01
6.232999307060473e-01  1.198038053394701e-01
6.277356970596503e-01  1.172600763548980e-01
6.299254006894982e-01  1.174301573918946e-01
6.315576456023063e-01  1.188401801843678e-01
6.332901612080554e-01  1.211110038940537e-01
6.354604903645703e-01  1.242854825240531e-01
6.383842333156520e-01  1.286358257904056e-01
6.424409269521056e-01  1.347081932331790e-01
6.482716760777211e-01  1.434203421425987e-01
6.569544460415936e-01  1.563855860554458e-01
6.705874300720909e-01  1.766752289863230e-01
6.928574329489895e-01  2.104415327669835e-01
7.272475570306521e-01  2.679482441821793e-01
7.582040973416755e-01  3.472953138812368e-01

4.292692235914891e-01  1.919781701718289e-01
5.479327028910954e-01  1.643714941199974e-01
5.965479615583837e-01  1.194409319080206e-01
6.103911647766321e-01  1.031509033330275e-01
6.133412623325112e-01  9.602372261423991e-02
6.126355872514069e-01  9.119686473559785e-02
6.105095518959399e-01  8.671495282884882e-02
6.077540578156225e-01  8.199734433099685e-02
6.046262240891797e-01  7.692483821370552e-02
6.012455239890164e-01  7.151328694642574e-02
5.977231367562722e-01  6.584933230246356e-02
5.941526657456895e-01  6.005893933882676e-02
5.906990426690181e-01  5.428872117048475e-02
5.873736445369274e-01  4.867494608373073e-02
5.842554454947756e-01  4.332142155683871e-02
5.813664892278320e-01  3.831123843807464e-02
5.787484262329819e-01  3.368969775386458e-02
5.764195714303046e-01  2.948297510904860e-02

4.763424321979771e-01  1.920813042409321e-01
5.718624222158629e-01  1.455231087755681e-01
6.039097073023558e-01  1.128072186563169e-01
6.126929629841807e-01  1.011695264893323e-01
6.140456218295047e-01  9.537432966461638e-02
6.128602524377826e-01  9.094910784577694e-02
6.105711037425432e-01  8.659952365379817e-02
6.077437359614594e-01  8.192088128801789e-02
6.045823990085033e-01  7.685499893883645e-02
6.011781039477130e-01  7.143840729069317e-02
5.976462449510989e-01  6.575983073442311e-02
5.940411855916727e-01  5.996211929538294e-02
5.905912840258627e-01  5.417817309871941e-02
5.872916170602552e-01  4.855958680887253e-02
5.841676716311281e-01  4.320833912762694e-02
5.813010278864975e-01  3.820004129883203e-02
5.787199445273148e-01  3.359090365484863e-02
5.763921690424443e-01  2.939969171673732e-02

5.236848298475122e-01  1.921044098765630e-01
5.917124690822767e-01  1.399919835834352e-01
6.137967441128036e-01  1.175413285752022e-01
6.204846947880388e-01  1.101009524331023e-01
6.222333644957861e-01  1.069910807070133e-01
6.222097892118864e-01  1.050764587970536e-01
6.214695392615059e-01  1.033243341221194e-01
6.203297593618169e-01  1.013794740158507e-01
6.188706975879710e-01  9.909273776020644e-02
6.171141051107220e-01  9.636875552461288e-02
6.150452100542174e-01  9.315987159758599e-02
6.126432746171466e-01  8.944253375325605e-02
6.099295700881667e-01  8.519685045721391e-02
6.069241751835629e-01  8.047552300953020e-02
6.036606202865531e-01  7.532813381144855e-02
6.002048415590029e-01  6.984196228701006e-02
5.966513575809557e-01  6.412595510392131e-02
5.931145629095118e-01  5.832329621751191e-02

8.077658814295652e-01  2.393441754313677e-01
8.581428854976505e-01  3.904393658832986e-01
8.788623597812069e-01  4.757178745913881e-01
8.847231876215640e-01  5.024412143455941e-01
8.862576901229785e-01  5.107896277217510e-01
8.863256712325378e-01  5.133892120162964e-01
8.857880577131417e-01  5.140529235332814e-01
8.848851467990242e-01  5.139811919882460e-01
8.836353382442803e-01  5.135988823857494e-01
8.819768695279189e-01  5.129763390146782e-01
8.797767569720815e-01  5.121219908330169e-01
8.768241539327415e-01  5.109780272040846e-01
8.728735951922848e-01  5.094059950705579e-01
8.674233040165610e-01  5.072372206248765e-01
8.597276685713752e-01  5.041531671410029e-01
8.485042477419690e-01  4.996236529260023e-01
8.314284642327971e-01  4.926308503894078e-01
8.042379999700431e-01  4.812590838752899e-01

1.558477198284579e-01  2.308753842506524e-01
1.817827079788453e-01  3.104863516029145e-01
2.043914495397195e-01  4.313036655768728e-01
1.806119870859668e-01  5.464296885009212e-01
1.329794035955320e-01  5.997203180089421e-01
1.158497795706244e-01  6.166015321771544e-01
1.101017451862606e-01  6.217678453099154e-01
1.076564177496471e-01  6.230903143639225e-01
1.061135726433455e-01  6.230405095170282e-01
1.046792058275322e-01  6.224305743497917e-01
1.030749361986582e-01  6.214675712955876e-01
1.011526808688707e-01  6.202357966576451e-01
9.884541396207258e-02  6.187221519682224e-01
9.608046305056069e-02  6.169374418957585e-01
9.283296996660470e-02  6.148632291158705e-01
8.908664709782628e-02  6.124270428695268e-01
8.479696947141285e-02  6.096586245477380e-01
8.002232785256128e-02  6.066233241139629e-01

4.289456125096973e-01  3.342101110403977e-01
4.630434647369756e-01  3.614000255520552e-01
4.751046571758717e-01  3.719589183811795e-01
4.787543722941967e-01  3.762548258820266e-01
4.794003940956470e-01  3.785269442011967e-01
4.789237337822486e-01  3.802839187807456e-01
4.779326847384682e-01  3.820591671025744e-01
4.766461705646752e-01  3.840478062122718e-01
4.751289118397699e-01  3.863396837430215e-01
4.733996754742018e-01  3.889573577904074e-01
4.714818689400994e-01  3.918481237853651e-01
4.694313486149998e-01  3.950312392220235e-01
4.672681987561175e-01  3.984211246098966e-01
4.650578831070756e-01  4.019734118835762e-01
4.628122994545151e-01  4.055561139152446e-01
4.605847541984414e-01  4.090652911696029e-01
4.584285740972163e-01  4.124360464465794e-01
4.563516464641033e-01  4.155688764232309e-01

1.983578267286358e-01  3.598564325263118e-01
2.094845230893171e-01  4.831386936611741e-01
1.647125619111026e-01  5.758906204138118e-01
1.301986998305696e-01  6.113924402629304e-01
1.198038053394701e-01  6.232999307060473e-01
1.172600763548980e-01  6.277356970596503e-01
1.174301573918946e-01  6.299254006894982e-01
1.188401801843678e-01  6.315576456023063e-01
1.211110038940537e-01  6.332901612080554e-01
1.242854825240531e-01  6.354604903645703e-01
1.286358257904056e-01  6.383842333156520e-01
1.347081932331790e-01  6.424409269521056e-01
1.434203421425987e-01  6.482716760777211e-01
1.563855860554458e-01  6.569544460415936e-01
1.766752289863230e-01  6.705874300720909e-01
2.104415327669835e-01  6.928574329489895e-01
2.679482441821793e-01  7.272475570306521e-01
3.472953138812368e-01  7.582040973416755e-01

3.342101110403977e-01  4.289456125096973e-01
3.614000255520552e-01  4.630434647369756e-01
3.719589183811795e-01  4.751046571758717e-01
3.762548258820266e-01  4.787543722941967e-01
3.785269442011967e-01  4.794003940956470e-01
3.802839187807456e-01  4.789237337822486e-01
3.820591671025744e-01  4.779326847384682e-01
3.840478062122718e-01  4.766461705646752e-01
3.863396837430215e-01  4.751289118397699e-01
3.889573577904074e-01  4.733996754742018e-01
3.918481237853651e-01  4.714818689400994e-01
3.950312392220235e-01  4.694313486149998e-01
3.984211246098966e-01  4.672681987561175e-01
4.019734118835762e-01  4.650578831070756e-01
4.055561139152446e-01  4.628122994545151e-01
4.090652911696029e-01  4.605847541984414e-01
4.124360464465794e-01  4.584285740972163e-01
4.155688764232309e-01  4.563516464641033e-01

6.184167205791277e-01  4.763117172164567e-01
5.307423813591952e-01  4.169434518382841e-01
4.964723389542308e-01  3.921763307776102e-01
4.844491295419082e-01  3.848466306686596e-01
4.796712432934434e-01  3.836303665018690e-01
4.771458121321690e-01  3.846661476147871e-01
4.752100182971205e-01  3.866456118203228e-01
4.733446863877459e-01  3.891830837244910e-01
4.713835088368737e-01  3.920790099045614e-01
4.693050894913858e-01  3.952633894662667e-01
4.671224762413629e-01  3.986569028543497e-01
4.649158080049866e-01  4.022235138464331e-01
4.626646434900998e-01  4.058019521757595e-01
4.604365561521295e-01  4.093000399594961e-01
4.582803306507528e-01  4.126491256910516e-01
4.562157982248187e-01  4.157701737652649e-01
4.542785067544725e-01  4.186498589703559e-01
4.525079561244943e-01  4.212764147293943e-01

1.921044098765630e-01  5.236848298475122e-01
1.399919835834352e-01  5.917124690822767e-01
1.175413285752022e-01  6.137967441128036e-01
1.101009524331023e-01  6.204846947880388e-01
1.069910807070133e-01  6.222333644957861e-01
1.050764587970536e-01  6.222097892118864e-01
1.033243341221194e-01  6.214695392615059e-01
1.013794740158507e-01  6.203297593618169e-01
9.909273776020644e-02  6.188706975879710e-01
9.636875552461288e-02  6.171141051107220e-01
9.315987159758599e-02  6.150452100542174e-01
8.944253375325605e-02  6.126432746171466e-01
8.519685045721391e-02  6.099295700881667e-01
8.047552300953020e-02  6.069241751835629e-01
7.532813381144855e-02  6.036606202865531e-01
6.984196228701006e-02  6.002048415590029e-01
6.412595510392131e-02  5.966513575809557e-01
5.832329621751191e-02  5.931145629095118e-01

7.617879551694107e-01  5.715177188304618e-01
6.305926675161798e-01  4.755840477318520e-01
5.397653514159746e-01  4.151587453035886e-01
5.032146661595399e-01  3.875013176457047e-01
4.908298105349901e-01  3.777884958525241e-01
4.867617538927335e-01  3.744283672839051e-01
4.854864845710152e-01  3.731587753880030e-01
4.851892028802732e-01  3.725502620210405e-01
4.852667900739928e-01  3.721216357621863e-01
4.855111681045043e-01  3.716886288373549e-01
4.858758533988606e-01  3.711586008799023e-01
4.863843499877927e-01  3.705065706685968e-01
4.870354011311838e-01  3.696458675274033e-01
4.878784891932547e-01  3.684201550310539e-01
4.890936593153121e-01  3.669181697288812e-01
4.907256962647876e-01  3.649251530631528e-01
4.929489556024207e-01  3.622093713366085e-01
4.961014386064776e-01  3.584421589610545e-01

9.026304205071287e-01  5.710531935590527e-01
8.950388141669410e-01  5.367821759170686e-01
8.923544761714483e-01  5.235282253065592e-01
8.917121571402957e-01  5.189764139956198e-01
8.918795112901881e-01  5.175734338227322e-01
8.924035330853748e-01  5.172884889181272e-01
8.931594305193075e-01  5.174328894212400e-01
8.941828516940964e-01  5.177412478256840e-01
8.954294494725991e-01  5.182204752694035e-01
8.969942142091614e-01  5.188085198079238e-01
8.989053365311643e-01  5.195239754399389e-01
9.012226118439749e-01  5.204062795591524e-01
9.040039849294897e-01  5.214558954271713e-01
9.072773601930616e-01  5.227143995821090e-01
9.110738008700200e-01  5.241515155787750e-01
9.154126763291703e-01  5.257875022475295e-01
9.202450667208905e-01  5.276056228787382e-01
9.254807484252774e-01  5.296081884110859e-01

4.763117172164567e-01  6.184167205791277e-01
4.169434518382841e-01  5.307423813591952e-01
3.921763307776102e-01  4.964723389542308e-01
3.848466306686596e-01  4.844491295419082e-01
3.836303665018690e-01  4.796712432934434e-01
3.846661476147871e-01  4.771458121321690e-01
3.866456118203228e-01  4.752100182971205e-01
3.891830837244910e-01  4.733446863877459e-01
3.920790099045614e-01  4.713835088368737e-01
3.952633894662667e-01  4.693050894913858e-01
3.986569028543497e-01  4.671224762413629e-01
4.022235138464331e-01  4.649158080049866e-01
4.058019521757595e-01  4.626646434900998e-01
4.093000399594961e-01  4.604365561521295e-01
4.126491256910516e-01  4.582803306507528e-01
4.157701737652649e-01  4.562157982248187e-01
4.186498589703559e-01  4.542785067544725e-01
4.212764147293943e-01  4.525079561244943e-01

8.115013477083638e-01  6.201059397340281e-01
6.919771802429636e-01  5.117582751346123e-01
5.744206939932368e-01  4.378467300158150e-01
5.167188616835710e-01  3.956491501485693e-01
4.963684457848031e-01  3.794185432150368e-01
4.898315090871031e-01  3.734731332191574e-01
4.880557472884344e-01  3.708560287148960e-01
4.880381533877263e-01  3.691768295188480e-01
4.888431594727059e-01  3.675828297004438e-01
4.902116209030417e-01  3.656922687913234e-01
4.921677834766486e-01  3.632176096401377e-01
4.949389732786162e-01  3.598195472361139e-01
4.990049993258491e-01  3.550389689069085e-01
5.051531167136178e-01  3.480268646572306e-01
5.151472625997309e-01  3.375388163967454e-01
5.322714793635905e-01  3.209691020158436e-01
5.626656271507620e-01  2.944861268685597e-01
6.075377483162729e-01  2.582628155528879e-01

8.574848522972551e-01  6.669519361283714e-01
7.633898849972177e-01  5.591996657296957e-01
6.383375904910538e-01  4.695610692985263e-01
5.484279342120328e-01  4.102852667686987e-01
5.116645365449001e-01  3.803239738236777e-01
5.003627071662582e-01  3.675235766980951e-01
4.987987621365566e-01  3.601752609543464e-01
5.018366319962773e-01  3.535002359579764e-01
5.085152970857000e-01  3.450409531167526e-01
5.202835097438584e-01  3.325880964176459e-01
5.412399731903771e-01  3.129462739287828e-01
5.775291583930975e-01  2.822322952872556e-01
6.233561430458968e-01  2.467348268008734e-01
6.612541499836920e-01  2.360721177964813e-01
6.950614910423289e-01  2.599607467251626e-01
7.258188641185820e-01  3.123403902409508e-01
7.370621076898072e-01  3.682754905044066e-01
7.191976229299933e-01  3.949651875249269e-01

5.715177188304618e-01  7.617879551694107e-01
4.755840477318520e-01  6.305926675161798e-01
4.151587453035886e-01  5.397653514159746e-01
3.875013176457047e-01  5.032146661595399e-01
3.777884958525241e-01  4.908298105349901e-01
3.744283672839051e-01  4.867617538927335e-01
3.731587753880030e-01  4.854864845710152e-01
3.725502620210405e-01  4.851892028802732e-01
3.721216357621863e-01  4.852667900739928e-01
3.716886288373549e-01  4.855111681045043e-01
3.711586008799023e-01  4.858758533988606e-01
3.705065706685968e-01  4.863843499877927e-01
3.696458675274033e-01  4.870354011311838e-01
3.684201550310539e-01  4.878784891932547e-01
3.669181697288812e-01  4.890936593153121e-01
3.649251530631528e-01  4.907256962647876e-01
3.622093713366085e-01  4.929489556024207e-01
3.584421589610545e-01  4.961014386064776e-01

9.028762620618621e-01  7.607143226645821e-01
8.304050805799011e-01  6.740464393630677e-01
7.047527220568618e-01  5.507452193052172e-01
5.725051897113567e-01  4.617708778678399e-01
5.061013915655321e-01  4.145727074335658e-01
4.822257143424176e-01  3.995130374893191e-01
4.732462105619575e-01  3.969033648245001e-01
4.688831043914868e-01  3.983922304658255e-01
4.659567847043236e-01  4.012914121834457e-01
4.635013374428895e-01  4.046925809457994e-01
4.612012451509956e-01  4.081708225394338e-01
4.589897158954981e-01  4.115427176809337e-01
4.568725380646458e-01  4.147305193847171e-01
4.549024815528763e-01  4.177022057009970e-01
4.530948621374949e-01  4.204339917339322e-01
4.513927041291926e-01  4.228501518894254e-01
4.498653888764509e-01  4.250064179226139e-01
4.484581170865199e-01  4.268783104580076e-01

9.736842507331479e-02  8.078947836233548e-01
1.761608217788118e-01  7.952371780076029e-01
3.189659691127245e-01  8.443375049165750e-01
4.496688828465485e-01  8.794441214814843e-01
4.972638909921163e-01  8.913135338644929e-01
5.122024611892342e-01  8.960710508940973e-01
5.175500328184732e-01  8.990494637932951e-01
5.199656792806925e-01  9.018009712451353e-01
5.215590782287014e-01  9.048216376299669e-01
5.230167377787831e-01  9.082777208603111e-01
5.245705027324780e-01  9.122378191401672e-01
5.262843970365233e-01  9.167126752179795e-01
5.281651532453174e-01  9.216436537443637e-01
5.301865416256800e-01  9.269746155023029e-01
5.323161430081906e-01  9.326028201532283e-01
5.345196199299631e-01  9.383945432858842e-01
5.367485907336564e-01  9.442186169904444e-01
5.389844294686106e-01  9.499234894553146e-01

1.447368138877873e-01  8.078947086816450e-01
2.748287356472892e-01  8.411932619924291e-01
4.292946349334921e-01  8.852175187516781e-01
4.952604508143586e-01  9.019811431062289e-01
5.156537117020328e-01  9.094672095765730e-01
5.230944818821819e-01  9.148977777714374e-01
5.267540644714158e-01  9.200352418907360e-01
5.293193831379689e-01  9.253673714876104e-01
5.316083274196257e-01  9.309550803828890e-01
5.338534346411946e-01  9.367337332887740e-01
5.360938164912002e-01  9.425768071939901e-01
5.383362631831984e-01  9.483299766182781e-01
5.405364302422567e-01  9.538749829252846e-01
5.426421817413715e-01  9.591122665294568e-01
5.446726329932201e-01  9.639647417476670e-01
5.465320848983798e-01  9.684064267969190e-01
5.482495713192566e-01  9.724245927393927e-01
5.498215457020533e-01  9.760044821433130e-01

1.920979665167616e-01  8.078897816414190e-01
3.465927372879408e-01  8.608425007585301e-01
4.657154398615295e-01  8.911627773571084e-01
5.051975344545064e-01  9.020631738950874e-01
5.180085084812166e-01  9.078716209402851e-01
5.231507100922496e-01  9.126070395821165e-01
5.260205397014542e-01  9.173780380655550e-01
5.283033182247511e-01  9.224507252614578e-01
5.304513965147323e-01  9.278618653670792e-01
5.326493784623069e-01  9.335369499655244e-01
5.348780848943396e-01  9.393561895515502e-01
5.371083829945317e-01  9.451673416292984e-01
5.393346387695829e-01  9.508402552100890e-01
5.415118149553638e-01  9.562457475185455e-01
5.435780409961130e-01  9.613135827636876e-01
5.455018945174620e-01  9.659907749771138e-01
5.473076252113548e-01  9.702441249675198e-01
5.489580373928896e-01  9.740610718072287e-01

2.393441754313677e-01  8.077658814295652e-01
3.904393658832986e-01  8.581428854976505e-01
4.757178745913881e-01  8.788623597812069e-01
5.024412143455941e-01  8.847231876215640e-01
5.107896277217510e-01  8.862576901229785e-01
5.133892120162964e-01  8.863256712325378e-01
5.140529235332814e-01  8.857880577131417e-01
5.139811919882460e-01  8.848851467990242e-01
5.135988823857494e-01  8.836353382442803e-01
5.129763390146782e-01  8.819768695279189e-01
5.121219908330169e-01  8.797767569720815e-01
5.109780272040846e-01  8.768241539327415e-01
5.094059950705579e-01  8.728735951922848e-01
5.072372206248765e-01  8.674233040165610e-01
5.041531671410029e-01  8.597276685713752e-01
4.996236529260023e-01  8.485042477419690e-01
4.926308503894078e-01  8.314284642327971e-01
4.812590838752899e-01  8.042379999700431e-01

6.201059397340281e-01  8.115013477083638e-01
5.117582751346123e-01  6.919771802429636e-01
4.378467300158150e-01  5.744206939932368e-01
3.956491501485693e-01  5.167188616835710e-01
3.794185432150368e-01  4.963684457848031e-01
3.734731332191574e-01  4.898315090871031e-01
3.708560287148960e-01  4.880557472884344e-01
3.691768295188480e-01  4.880381533877263e-01
3.675828297004438e-01  4.888431594727059e-01
3.656922687913234e-01  4.902116209030417e-01
3.632176096401377e-01  4.921677834766486e-01
3.598195472361139e-01  4.949389732786162e-01
3.550389689069085e-01  4.990049993258491e-01
3.480268646572306e-01  5.051531167136178e-01
3.375388163967454e-01  5.151472625997309e-01
3.209691020158436e-01  5.322714793635905e-01
2.944861268685597e-01  5.626656271507620e-01
2.582628155528879e-01  6.075377483162729e-01

5.000012019462042e-02  8.552649885672146e-01
7.682666257452503e-02  8.335969311455929e-01
1.316740340634832e-01  8.097182346422004e-01
2.499441076328906e-01  8.318136356858794e-01
4.104180509816631e-01  8.805178727029476e-01
4.893975725809998e-01  9.002475392941663e-01
5.136709788847962e-01  9.084969657744372e-01
5.222655182150876e-01  9.140790620333782e-01
5.262619096733206e-01  9.192182770025379e-01
5.289353843815664e-01  9.245112496240464e-01
5.312363726539360e-01  9.300671768479714e-01
5.335041977945609e-01  9.358107912696380e-01
5.357424062574911e-01  9.416557948313221e-01
5.379962552244024e-01  9.474267340803716e-01
5.401869528889433e-01  9.530108465799130e-01
5.423280522137934e-01  9.582976627498577e-01
5.443549597543238e-01  9.632166964770545e-01
5.462378760844757e-01  9.677234497008109e-01

3.342104999743165e-01  8.552631472405681e-01
4.596076079991911e-01  8.877903901501900e-01
5.026192439067436e-01  8.992691739012840e-01
5.164158785731646e-01  9.049207089827640e-01
5.217470255698123e-01  9.093225747690507e-01
5.245916975849626e-01  9.137130018438251e-01
5.267616375108046e-01  9.184291092080559e-01
5.288267435587083e-01  9.235445744297049e-01
5.309281910793652e-01  9.290062982036437e-01
5.331046815867100e-01  9.347211180028800e-01
5.353308699657786e-01  9.405524741934534e-01
5.375620313459044e-01  9.463477634616259e-01
5.397769370950627e-01  9.519751432666032e-01
5.419331529212515e-01  9.573272117473224e-01
5.439595037624202e-01  9.623273968104339e-01
5.458931620300095e-01  9.669100631471519e-01
5.476570252762298e-01  9.710794547065413e-01
5.492817810210432e-01  9.748091580542817e-01

6.669519361283714e-01  8.574848522972551e-01
5.591996657296957e-01  7.633898849972177e-01
4.695610692985263e-01  6.383375904910538e-01
4.102852667686987e-01  5.484279342120328e-01
3.803239738236777e-01  5.116645365449001e-01
3.675235766980951e-01  5.003627071662582e-01
3.601752609543464e-01  4.987987621365566e-01
3.535002359579764e-01  5.018366319962773e-01
3.450409531167526e-01  5.085152970857000e-01
3.325880964176459e-01  5.202835097438584e-01
3.129462739287828e-01  5.412399731903771e-01
2.822322952872556e-01  5.775291583930975e-01
2.467348268008734e-01  6.233561430458968e-01
2.360721177964813e-01  6.612541499836920e-01
2.599607467251626e-01  6.950614910423289e-01
3.123403902409508e-01  7.258188641185820e-01
3.682754905044066e-01  7.370621076898072e-01
3.949651875249269e-01  7.191976229299933e-01

5.710531935590527e-01  9.026304205071287e-01
5.367821759170686e-01  8.950388141669410e-01
5.235282253065592e-01  8.923544761714483e-01
5.189764139956198e-01  8.917121571402957e-01
5.175734338227322e-01  8.918795112901881e-01
5.172884889181272e-01  8.924035330853748e-01
5.174328894212400e-01  8.931594305193075e-01
5.177412478256840e-01  8.941828516940964e-01
5.182204752694035e-01  8.954294494725991e-01
5.188085198079238e-01  8.969942142091614e-01
5.195239754399389e-01  8.989053365311643e-01
5.204062795591524e-01  9.012226118439749e-01
5.214558954271713e-01  9.040039849294897e-01
5.227143995821090e-01  9.072773601930616e-01
5.241515155787750e-01  9.110738008700200e-01
5.257875022475295e-01  9.154126763291703e-01
5.276056228787382e-01  9.202450667208905e-01
5.296081884110859e-01  9.254807484252774e-01

7.607143226645821e-01  9.028762620618621e-01
6.740464393630677e-01  8.304050805799011e-01
5.507452193052172e-01  7.047527220568618e-01
4.617708778678399e-01  5.725051897113567e-01
4.145727074335658e-01  5.061013915655321e-01
3.995130374893191e-01  4.822257143424176e-01
3.969033648245001e-01  4.732462105619575e-01
3.983922304658255e-01  4.688831043914868e-01
4.012914121834457e-01  4.659567847043236e-01
4.046925809457994e-01  4.635013374428895e-01
4.081708225394338e-01  4.612012451509956e-01
4.115427176809337e-01  4.589897158954981e-01
4.147305193847171e-01  4.568725380646458e-01
4.177022057009970e-01  4.549024815528763e-01
4.204339917339322e-01  4.530948621374949e-01
4.228501518894254e-01  4.513927041291926e-01
4.250064179226139e-01  4.498653888764509e-01
4.268783104580076e-01  4.484581170865199e-01

