9.736842104795521e-02  4.999999999998258e-02
1.054900763148140e-01  5.104422889456903e-02
1.161530977252267e-01  5.214234711370069e-02
1.310700759116705e-01  5.330000531016289e-02
1.540539432350759e-01  5.453455529180466e-02
1.955478030785514e-01  5.586501262555381e-02
2.895421264895491e-01  5.705303618736167e-02
4.585491003717543e-01  5.181124472915497e-02
5.412388765001723e-01  3.113925552186039e-02
5.624710995704658e-01  2.301871162405368e-02
5.676732988577151e-01  1.898311946530011e-02
5.684017662828978e-01  1.617299451851377e-02
5.679168236182061e-01  1.389223142494667e-02
5.672168575610752e-01  1.197230323024721e-02
5.664343531947947e-01  1.032285433165053e-02
5.657387850822255e-01  8.889764372224031e-03
5.651526163723760e-01  7.641453492384401e-03
5.646433374240388e-01  6.579459248683467e-03

1.447244871136973e-01  4.999999857819141e-02
1.790537425491425e-01  5.105430894926051e-02
2.525432059357737e-01  5.212261642470584e-02
4.117110937080724e-01  5.024754143576710e-02
5.268754934640640e-01  3.169424342705015e-02
5.579834211673815e-01  2.209310584236399e-02
5.659089881528429e-01  1.786781526116201e-02
5.675163422761991e-01  1.512054596241452e-02
5.674014446702109e-01  1.297406445654928e-02
5.667720209735756e-01  1.117478081260268e-02
5.660693093491960e-01  9.627031666065161e-03
5.654529677498176e-01  8.283670884378685e-03
5.648830032265194e-01  7.120254784449801e-03
5.644027684143088e-01  6.135561447822603e-03
5.639935149500855e-01  5.280673396588617e-03
5.636349568724254e-01  4.542916507465395e-03
5.633233428181199e-01  3.907125607010206e-03
5.630741346218954e-01  3.359277147635901e-03

1.523256031370019e-01  5.001987468937638e-02
1.938744028688362e-01  5.107779921399953e-02
2.885934070809324e-01  5.198407702499801e-02
4.582196838525326e-01  4.693176983947934e-02
5.403208041610967e-01  2.811905519074996e-02
5.615183268960265e-01  2.079637080762010e-02
5.667842237975069e-01  1.714378395004333e-02
5.676493842485081e-01  1.458634216988260e-02
5.672587333776532e-01  1.253995584225889e-02
5.665876470665808e-01  1.079991259085194e-02
5.659159211351621e-01  9.300789764613869e-03
5.653078482326045e-01  7.998691005482179e-03
5.647652013938785e-01  6.878505410812983e-03
5.643018640579753e-01  5.926822064098062e-03
5.639042957463997e-01  5.099784305883744e-03
5.635722091304590e-01  4.386894123029922e-03
5.632857984980879e-01  3.773220916010575e-03
5.630282142488344e-01  3.244572296938625e-03

1.016978526946362e-01  5.129887167360019e-02
1.110569718444729e-01  5.241032320414440e-02
1.237114442294200e-01  5.358306099635376e-02
1.422284981891024e-01  5.483510947403476e-02
1.729017105666294e-01  5.618077428967217e-02
2.352697050933759e-01  5.761119691792167e-02
3.784895023711516e-01  5.719988383277817e-02
5.160526316203984e-01  4.005566398420546e-02
5.562826244884556e-01  2.666150819318805e-02
5.664524153014275e-01  2.122014268335166e-02
5.685728244886030e-01  1.789852703437923e-02
5.684520615859143e-01  1.534453479466977e-02
5.677355377394101e-01  1.321818008866305e-02
5.669182156471215e-01  1.139559745542191e-02
5.661823635326800e-01  9.819478774486202e-03
5.655604600668146e-01  8.451919190384263e-03
5.649686267532381e-01  7.264634511903764e-03
5.644716356336580e-01  6.259734779375587e-03

1.329511567860932e-01  5.269333503235791e-02
1.573022503241377e-01  5.388769006606688e-02
2.024370932458064e-01  5.517491850338571e-02
3.067298879923134e-01  5.615279964233444e-02
4.746333655489371e-01  4.890897185440463e-02
5.454397123284279e-01  2.962818476073396e-02
5.635448867472346e-01  2.235824852376220e-02
5.678701548559304e-01  1.856151828238388e-02
5.683672979064848e-01  1.584121307250405e-02
5.678445619657621e-01  1.361780534182742e-02
5.670772594575643e-01  1.173744230252259e-02
5.663087822715389e-01  1.011569916130649e-02
5.656437093747002e-01  8.708670487822139e-03
5.650613920037565e-01  7.484234972395223e-03
5.645557395880755e-01  6.445844055920312e-03
5.641352389185520e-01  5.550828051931934e-03
5.637448325288225e-01  4.776087659939646e-03
5.634435967939359e-01  4.108002315571573e-03

2.139093356702848e-01  5.301201795623214e-02
3.354086922774202e-01  5.345812094925914e-02
4.948626864659486e-01  4.270341603308071e-02
5.502980067577282e-01  2.677101631218474e-02
5.644863746018409e-01  2.072774839781693e-02
5.677852708577217e-01  1.733619622035027e-02
5.680463835011027e-01  1.481936037869873e-02
5.674563018730645e-01  1.275885746730480e-02
5.667136366340623e-01  1.099331315820035e-02
5.660092832365725e-01  9.470352205308213e-03
5.653741144698480e-01  8.147236258215130e-03
5.648349630430195e-01  7.003418692170452e-03
5.643534440445823e-01  6.035545014606195e-03
5.639448977598304e-01  5.193846227400984e-03
5.636141047995710e-01  4.467798237881233e-03
5.633168203111567e-01  3.843024755401222e-03
5.630498457965167e-01  3.304578640863887e-03
5.628404201164311e-01  2.840583998046906e-03

3.815722995301338e-01  5.000019052351111e-02
5.163746301850085e-01  3.418194540371773e-02
5.552426417464095e-01  2.289383600052442e-02
5.651958050806544e-01  1.825265182491786e-02
5.673833356190592e-01  1.538334411221848e-02
5.673914453967265e-01  1.317953650725149e-02
5.668093582281393e-01  1.134450330726341e-02
5.661255553844554e-01  9.771672177686933e-03
5.655018961285946e-01  8.407850316238268e-03
5.649341873881645e-01  7.225543604740277e-03
5.644464783956601e-01  6.225808636290407e-03
5.640219175987888e-01  5.359604854019245e-03
5.636702428290298e-01  4.610346826256458e-03
5.633481003293173e-01  3.965110469001325e-03
5.631066039967877e-01  3.409037038341172e-03
5.628902538454182e-01  2.930736700802441e-03
5.626849768784855e-01  2.519202354306870e-03
5.625116787059182e-01  2.164654701002410e-03

4.289832875406459e-01  4.999907003554617e-02
5.322255306876694e-01  3.056669320175222e-02
5.594551187533400e-01  2.179637662980263e-02
5.663278776137655e-01  1.776009812791629e-02
5.676432752391803e-01  1.506312476211777e-02
5.673830930474965e-01  1.293532757395227e-02
5.667414807789745e-01  1.113860008335814e-02
5.660713793497610e-01  9.595369856580533e-03
5.654545521081364e-01  8.256303692659957e-03
5.648847591492283e-01  7.097334836064445e-03
5.644181430694771e-01  6.116666855822039e-03
5.639648521022659e-01  5.265425289957960e-03
5.636283389322865e-01  4.528918552248087e-03
5.633246007658811e-01  3.895203107858351e-03
5.630774390972263e-01  3.349207101517174e-03
5.628557376090155e-01  2.879316226958991e-03
5.626732289711575e-01  2.474908600821994e-03
5.625004806536296e-01  2.126376510028663e-03

4.763158353921897e-01  4.999999803751318e-02
5.461321507171023e-01  3.035006428770485e-02
5.639438104355629e-01  2.294881346925466e-02
5.681674306508865e-01  1.906526143936913e-02
5.685996259539465e-01  1.627983618920647e-02
5.679940183379663e-01  1.399448904293014e-02
5.672013792385742e-01  1.206298678336767e-02
5.664392728139231e-01  1.039533042245215e-02
5.657653308924270e-01  8.952469346364804e-03
5.651803422254461e-01  7.695939652263662e-03
5.646639522100814e-01  6.625944195118781e-03
5.641997752746645e-01  5.708529039596295e-03
5.638004486551038e-01  4.911369320483418e-03
5.634745655590104e-01  4.224357882313622e-03
5.632069727927718e-01  3.632646899210094e-03
5.629826173412954e-01  3.123400346158176e-03
5.627680613360072e-01  2.685023291593998e-03
5.625639337686529e-01  2.307458228658909e-03

5.237097215950237e-01  5.000025892481974e-02
5.607697065101553e-01  3.386404541022130e-02
5.698295561541749e-01  2.720533994367148e-02
5.713460775428989e-01  2.307137532163077e-02
5.707783057456803e-01  1.985640747202778e-02
5.697369949619087e-01  1.714868060999176e-02
5.686758549394703e-01  1.480435722729764e-02
5.676622609467316e-01  1.278512825562195e-02
5.667907320331000e-01  1.102682861946305e-02
5.660410637536148e-01  9.503250743691963e-03
5.654154312173220e-01  8.176595987315466e-03
5.648531759381676e-01  7.029746504585145e-03
5.643866989776644e-01  6.058215771745526e-03
5.639573986842195e-01  5.214291651984869e-03
5.636249808242288e-01  4.485168499095250e-03
5.633161763064776e-01  3.858395280261448e-03
5.630733116885879e-01  3.317989851069073e-03
5.628309314765313e-01  2.852714871944575e-03

5.711199709816213e-01  5.000020823783501e-02
5.779010736243144e-01  4.112578701217161e-02
5.781819646953213e-01  3.539914378896805e-02
5.767263679583384e-01  3.081089585462500e-02
5.748553576029181e-01  2.683996476963067e-02
5.730739908047793e-01  2.333492229694393e-02
5.714676272939446e-01  2.024061746373855e-02
5.700726894623234e-01  1.752640287760515e-02
5.688621506156746e-01  1.514629016264191e-02
5.678106788806111e-01  1.308118286257999e-02
5.669131964346179e-01  1.128392469491422e-02
5.661508283937631e-01  9.726023153313390e-03
5.655083175557382e-01  8.370610976792201e-03
5.649284091521638e-01  7.194674342839011e-03
5.644404702959924e-01  6.199726294978237e-03
5.640094077108477e-01  5.336563025012943e-03
5.636546957526078e-01  4.590303810739660e-03
5.633507042265088e-01  3.947756767090632e-03

6.184425171553142e-01  5.000194550004594e-02
5.990376269286156e-01  5.151238185428698e-02
5.902686789623265e-01  4.827523572204840e-02
5.854061187536456e-01  4.359387069681329e-02
5.819439616463111e-01  3.875228804415234e-02
5.791103924573686e-01  3.414607900606468e-02
5.766992656226699e-01  2.991216035801076e-02
5.746008738795959e-01  2.609786407334877e-02
5.727823677143731e-01  2.269152729510662e-02
5.711930704613964e-01  1.968520813562239e-02
5.698291749869302e-01  1.704253602957152e-02
5.686487642186625e-01  1.472167624818537e-02
5.676442706234998e-01  1.271517182187724e-02
5.667525644007689e-01  1.096798520795341e-02
5.660020681277044e-01  9.450657855919482e-03
5.653567945210932e-01  8.128936861892835e-03
5.648087382570619e-01  6.987495092584628e-03
5.643636253233475e-01  6.021116035283964e-03

6.657863751764662e-01  4.999964098624752e-02
6.258333691766667e-01  6.316818587376925e-02
6.077577417035072e-01  6.605913428735349e-02
5.992139312619142e-01  6.318963352860366e-02
5.940293112508784e-01  5.824977504418272e-02
5.900574082627705e-01  5.275377610920857e-02
5.866213710050034e-01  4.726505379732355e-02
5.835120661971936e-01  4.200479036421229e-02
5.806735352320284e-01  3.709146393986462e-02
5.781199054014010e-01  3.257626811487756e-02
5.758766549582724e-01  2.847247847087762e-02
5.739016338680724e-01  2.480635570576396e-02
5.721658086477868e-01  2.154060663539672e-02
5.706796035597353e-01  1.867121944787857e-02
5.693989376372965e-01  1.615481813678014e-02
5.683160576734821e-01  1.394845020040618e-02
5.673420611431846e-01  1.204597256942045e-02
5.664913505970107e-01  1.038932460442650e-02

1.447367672308933e-01  9.736842103770264e-02
1.690916340584135e-01  1.043006950578672e-01
2.090205960653338e-01  1.128111819380447e-01
2.868341763344042e-01  1.230576516551104e-01
4.345481567491420e-01  1.263911741281461e-01
5.467198146041978e-01  8.793897618260187e-02
5.774851589566445e-01  6.294058550366768e-02
5.840592442075694e-01  5.240212642801874e-02
5.839131555248060e-01  4.564730845806640e-02
5.819174688606791e-01  4.015359358162129e-02
5.795113491023455e-01  3.528755408513753e-02
5.771769301226859e-01  3.091393384865864e-02
5.750609054177533e-01  2.698056379348004e-02
5.731730704109061e-01  2.347508406503687e-02
5.715342456916761e-01  2.036465556562839e-02
5.701107488573134e-01  1.763494362474811e-02
5.689106635763217e-01  1.523947420461667e-02
5.678647679737969e-01  1.316224091067411e-02

1.911610988713659e-01  9.736890331075300e-02
2.554910478784607e-01  1.041851137971663e-01
3.919681388809950e-01  1.079750487606007e-01
5.279669016421911e-01  8.132477083801920e-02
5.688079404441393e-01  5.485173034279460e-02
5.782486526356178e-01  4.434579952338431e-02
5.792203109310954e-01  3.804262154337856e-02
5.778633173596538e-01  3.312945570735095e-02
5.759397289008834e-01  2.889665180848176e-02
5.740273562688458e-01  2.516369457942932e-02
5.723281961740680e-01  2.185225515248124e-02
5.708085455945103e-01  1.894732520961788e-02
5.694839374895532e-01  1.639312179696246e-02
5.683712835972965e-01  1.415078877112564e-02
5.673950843940849e-01  1.221706353221770e-02
5.665355112146619e-01  1.053574388500120e-02
5.658185156686018e-01  9.075035268178922e-03
5.652303641070960e-01  7.802402741168826e-03

1.528392502286670e-01  9.854452016948494e-02
1.819735527469701e-01  1.057326642507797e-01
2.330516469455534e-01  1.145696358341168e-01
3.388784226409665e-01  1.237680777644073e-01
4.951645377981708e-01  1.140682161652520e-01
5.640432457849713e-01  7.291638598763674e-02
5.809693426161772e-01  5.653271227529234e-02
5.837551398418308e-01  4.823879531895871e-02
5.825823685153336e-01  4.221788981862201e-02
5.803762291417811e-01  3.710144500852741e-02
5.780206022153161e-01  3.254107619673392e-02
5.758088962476223e-01  2.842883366323137e-02
5.738453263481520e-01  2.476122494830110e-02
5.721057097270896e-01  2.149673601064119e-02
5.706269178311315e-01  1.862847086821445e-02
5.693262292744684e-01  1.611241966001820e-02
5.682314182523919e-01  1.390618990814064e-02
5.672631709404571e-01  1.200251750071280e-02

1.498729126108630e-01  1.025564289937769e-01
1.766555985848176e-01  1.106564558031057e-01
2.214405082776350e-01  1.208131052466617e-01
3.094609616556602e-01  1.329045178101008e-01
4.609827256546530e-01  1.338634429778399e-01
5.568522987646807e-01  8.966992557488759e-02
5.821127533237073e-01  6.660490888457876e-02
5.871123821245932e-01  5.639160850355279e-02
5.863787999951485e-01  4.954737700186148e-02
5.840834662380131e-01  4.382761938008040e-02
5.814537898165664e-01  3.869628038937960e-02
5.788933337066668e-01  3.401872376085299e-02
5.765464717164304e-01  2.977455152972037e-02
5.745239778866280e-01  2.596570348105715e-02
5.727203054520078e-01  2.257642956343147e-02
5.711245004493314e-01  1.958429802350605e-02
5.697753724852157e-01  1.695071203767710e-02
5.686208107634475e-01  1.464056287279328e-02

2.097868818928196e-01  1.043887122502153e-01
2.932761973347290e-01  1.123519242462615e-01
4.488807996669555e-01  1.115763515078174e-01
5.487311727200592e-01  7.281823273806493e-02
5.747254228141485e-01  5.303845396737534e-02
5.801580576165457e-01  4.417454470676452e-02
5.799586615114668e-01  3.825277037538922e-02
5.781980146867227e-01  3.341803345276807e-02
5.761345659004657e-01  2.918333553916280e-02
5.741861338185138e-01  2.542431225668776e-02
5.724401061069414e-01  2.208566846816940e-02
5.709086717771255e-01  1.915026980616643e-02
5.695904437414991e-01  1.657105907575080e-02
5.684402235341418e-01  1.430747043151800e-02
5.674632922555219e-01  1.235261353073549e-02
5.666214946006279e-01  1.065362310212880e-02
5.658695680851445e-01  9.179606604925295e-03
5.652686328314859e-01  7.893395705260195e-03

3.304282637675482e-01  1.017311041636732e-01
4.911222285144959e-01  9.106031921145090e-02
5.581337456975273e-01  5.698246569734042e-02
5.746049913250217e-01  4.381887836181308e-02
5.776218211366979e-01  3.698150885979842e-02
5.769104112891865e-01  3.201438451842043e-02
5.752492983567037e-01  2.784256342684068e-02
5.735007564004329e-01  2.421033321690148e-02
5.718490549613104e-01  2.100270192171469e-02
5.704092801147018e-01  1.819389605020082e-02
5.691454970851906e-01  1.573137691140319e-02
5.680744667330732e-01  1.357965539317528e-02
5.671310134745681e-01  1.171856864803682e-02
5.663061238811267e-01  1.010170482229325e-02
5.656377618566084e-01  8.696360271800612e-03
5.650571935694167e-01  7.473664145822153e-03
5.645484130500377e-01  6.437736935255105e-03
5.641244549269021e-01  5.543386276858102e-03

4.290228451654237e-01  9.735939070679758e-02
5.399275466569003e-01  6.427261993163998e-02
5.694401814368562e-01  4.558174158489443e-02
5.760809728520896e-01  3.744319995324240e-02
5.764635096485407e-01  3.215203533554833e-02
5.751268966125430e-01  2.789494726818782e-02
5.734705378847283e-01  2.423998434351615e-02
5.718589279563322e-01  2.102615414006439e-02
5.704055797612810e-01  1.821418287071885e-02
5.691609505062353e-01  1.574836567812303e-02
5.680809089582070e-01  1.359563709963990e-02
5.671431752229922e-01  1.173175339379084e-02
5.663320720224940e-01  1.011413201535632e-02
5.656593956559449e-01  8.708152728115500e-03
5.650768535235803e-01  7.484554760401808e-03
5.645985861485301e-01  6.447589441124162e-03
5.641469446388382e-01  5.553839610215780e-03
5.637613309347186e-01  4.778945975342533e-03

4.763126170482016e-01  9.736824213609982e-02
5.546087221815912e-01  6.076238963563715e-02
5.741626016544079e-01  4.583192838264420e-02
5.779998881116016e-01  3.848075202470491e-02
5.774842282190470e-01  3.328701376329334e-02
5.758174357965141e-01  2.897246395405705e-02
5.740174521053342e-01  2.521122115153148e-02
5.723290159814456e-01  2.189048950030898e-02
5.708045647036538e-01  1.897705692725004e-02
5.694900508508488e-01  1.641761370539668e-02
5.683592454641058e-01  1.417064426914230e-02
5.673853559875073e-01  1.223207955872227e-02
5.665495781921440e-01  1.054804104405437e-02
5.658408395584028e-01  9.086146382914276e-03
5.652476039213666e-01  7.812849518758956e-03
5.647175756523235e-01  6.723982977996600e-03
5.642471523986973e-01  5.794010176837318e-03
5.638518652202831e-01  4.985225319599614e-03

5.236801321471242e-01  9.736862978193966e-02
5.706382291738719e-01  6.471485007295931e-02
5.816308009155676e-01  5.210689055984231e-02
5.827802107804912e-01  4.489283893884023e-02
5.812038656414550e-01  3.931956491557825e-02
5.790040677676849e-01  3.448565328969798e-02
5.767620108924220e-01  3.017956764372585e-02
5.746834072474084e-01  2.632567387211478e-02
5.728712676919363e-01  2.288930527854718e-02
5.712742609519553e-01  1.985631858255138e-02
5.699132751912100e-01  1.718998982588306e-02
5.687346766937854e-01  1.485191407149069e-02
5.677165611756418e-01  1.282937861301306e-02
5.668207114812547e-01  1.106828816486165e-02
5.660685981455292e-01  9.539731853977322e-03
5.654368558487413e-01  8.208979621900703e-03
5.648617246390619e-01  7.057645408106383e-03
5.643772348614600e-01  6.082018444068784e-03

5.710665529570391e-01  9.736880480156597e-02
5.905064899351814e-01  7.623071617347754e-02
5.938852953749154e-01  6.636042584879395e-02
5.924863662212208e-01  5.939807034455903e-02
5.897052069371773e-01  5.331614848293247e-02
5.866387485645000e-01  4.764811904559816e-02
5.836226478021573e-01  4.232176780019955e-02
5.808286801282889e-01  3.737262584759808e-02
5.782888497932132e-01  3.283603110206103e-02
5.760173241739599e-01  2.871289853629528e-02
5.740075871363328e-01  2.502128942491929e-02
5.722540249435444e-01  2.173068660528477e-02
5.707555637846611e-01  1.883699674354265e-02
5.694512506073790e-01  1.629694741540513e-02
5.683212888753998e-01  1.406888288621992e-02
5.673429266279028e-01  1.214515114209192e-02
5.665012029693862e-01  1.047159587751402e-02
5.658043685383571e-01  9.019191577021237e-03

6.184273053761102e-01  9.736836564804568e-02
6.162166038493474e-01  9.463186831431292e-02
6.138737252016028e-01  9.123443909524792e-02
6.112705522924736e-01  8.726412801795908e-02
6.083840176062456e-01  8.276800503007900e-02
6.052286725254059e-01  7.781789403134542e-02
6.018663450671943e-01  7.247926781125755e-02
5.983629364714260e-01  6.685938336689572e-02
5.947909617356131e-01  6.108960674180430e-02
5.912956162184827e-01  5.530932937919660e-02
5.879177096578322e-01  4.964940172638836e-02
5.847707977889820e-01  4.423548948084451e-02
5.818567188781906e-01  3.916010527693729e-02
5.792034777012287e-01  3.446311560061470e-02
5.768323352126781e-01  3.018789826307267e-02
5.747212319482637e-01  2.634224558466417e-02
5.728754889899994e-01  2.290749779308219e-02
5.712704114842092e-01  1.987175782312709e-02

3.215960978657643e-01  1.543335713459179e-01
4.652552942945081e-01  1.595262054187581e-01
5.630061328344036e-01  1.127892621833814e-01
5.907388322815575e-01  8.484358280775836e-02
5.965678263194135e-01  7.324805079410728e-02
5.959295814518401e-01  6.582304258693258e-02
5.932837710221287e-01  5.953036314818894e-02
5.901097380916707e-01  5.363014761593201e-02
5.869048972310570e-01  4.800246434439388e-02
5.838434401425763e-01  4.266825126065393e-02
5.810176923027413e-01  3.769803285728857e-02
5.784466982216727e-01  3.313189358633484e-02
5.761416372940423e-01  2.897818306189260e-02
5.741237603440273e-01  2.525577588193646e-02
5.723738838354587e-01  2.193879963637326e-02
5.708392205855168e-01  1.902164962925159e-02
5.695159187651413e-01  1.645754519770435e-02
5.683963207212719e-01  1.420620479802159e-02

4.289315755766429e-01  1.447408452457652e-01
5.474067812369818e-01  1.074207810282166e-01
5.823694319457372e-01  7.651824896890703e-02
5.900869864540327e-01  6.411971256271140e-02
5.900333950946840e-01  5.653471612830484e-02
5.877270460345373e-01  5.035749832130528e-02
5.848940616920890e-01  4.477832872573021e-02
5.820437273206502e-01  3.962798227476912e-02
5.794089982723133e-01  3.487358768479536e-02
5.770196621723291e-01  3.055845697826907e-02
5.749163701061867e-01  2.667137332142391e-02
5.730404370041463e-01  2.320366987278514e-02
5.714255185289572e-01  2.012992239107167e-02
5.700105068855238e-01  1.743041454227181e-02
5.688283868919783e-01  1.506010406722080e-02
5.677858041675710e-01  1.300836305426547e-02
5.668933765091222e-01  1.122242617887761e-02
5.661163809410389e-01  9.672920252656366e-03

4.763210585518673e-01  1.447376681916982e-01
5.640393763252634e-01  9.721949561265129e-02
5.871811337737983e-01  7.394790047771899e-02
5.915590474912674e-01  6.353856888327587e-02
5.905259840646712e-01  5.645333147223474e-02
5.879108300490810e-01  5.040849012592657e-02
5.849459429155314e-01  4.485749632220268e-02
5.821017678576683e-01  3.970066591828792e-02
5.794681799098444e-01  3.494676324941615e-02
5.770696552609409e-01  3.062885026717411e-02
5.749484600259799e-01  2.673623188362817e-02
5.730740117986454e-01  2.326160802698818e-02
5.714507722666377e-01  2.018071488706723e-02
5.700310530695469e-01  1.747515498775733e-02
5.688447624218618e-01  1.510051850057353e-02
5.678138861271399e-01  1.304333766660139e-02
5.669162113739038e-01  1.125376701513148e-02
5.661596535243256e-01  9.700963377310880e-03

5.236842140466149e-01  1.447368409719788e-01
5.812094597332925e-01  9.842860566669841e-02
5.957765640006057e-01  8.043420826005739e-02
5.977915317553855e-01  7.142409586553475e-02
5.959575212901634e-01  6.470201898648545e-02
5.929500937199865e-01  5.860817359352614e-02
5.896801812506874e-01  5.278199977809611e-02
5.864503725595133e-01  4.720258600108867e-02
5.834196502412988e-01  4.191764847737882e-02
5.806049637709465e-01  3.700411588995273e-02
5.781024319859193e-01  3.249321172111530e-02
5.758541119117465e-01  2.840435966197907e-02
5.738745562245930e-01  2.474718141281466e-02
5.721275593401560e-01  2.148773538633163e-02
5.706264899570552e-01  1.862251934211306e-02
5.693629530949232e-01  1.610729917715285e-02
5.682407918337249e-01  1.390605601926138e-02
5.672833556744352e-01  1.200363746144329e-02

9.736842110938666e-02  8.552631580984986e-01
1.737625328153285e-01  8.452283307494483e-01
3.366132329660738e-01  8.913316387615828e-01
4.732691732135272e-01  9.219410092302023e-01
5.169452432490286e-01  9.340957535414476e-01
5.308975071181957e-01  9.415780309378178e-01
5.366672822259696e-01  9.477900944189681e-01
5.399339103580244e-01  9.534609444850758e-01
5.424059647676668e-01  9.587416789620411e-01
5.444967468577094e-01  9.636343707674963e-01
5.463863006961380e-01  9.681082645381260e-01
5.481186635310131e-01  9.721604760909617e-01
5.496950296797151e-01  9.757735883715457e-01
5.511576165204712e-01  9.789849574568881e-01
5.524444906377685e-01  9.818011320682547e-01
5.535995121474442e-01  9.842694548395913e-01
5.546497700362689e-01  9.864208109350336e-01
5.555500231386592e-01  9.882846483584784e-01

1.447365846148729e-01  8.552620306339098e-01
2.840592281158199e-01  8.836441735500301e-01
4.491103341949463e-01  9.218206737310988e-01
5.114388711639269e-01  9.366483004733984e-01
5.302256219885951e-01  9.446780401691353e-01
5.373228024760643e-01  9.509483446251215e-01
5.409572362201717e-01  9.565191778642733e-01
5.434825514468562e-01  9.616109635577214e-01
5.455619024018287e-01  9.662712468730975e-01
5.474058918924126e-01  9.704948858416006e-01
5.490707219960757e-01  9.742848045038518e-01
5.505688596926352e-01  9.776604656311629e-01
5.519227806752659e-01  9.806321526825060e-01
5.531272508204520e-01  9.832440913248505e-01
5.542092450101789e-01  9.855363458253833e-01
5.551755815475392e-01  9.875127256607333e-01
5.560060973461897e-01  9.892323519430487e-01
5.567331807733442e-01  9.907256121454070e-01

1.920986203590438e-01  8.552599885106426e-01
3.650445405794668e-01  9.035642305820161e-01
4.856420979397439e-01  9.292578176208500e-01
5.219239628287768e-01  9.399706707366305e-01
5.338253297825772e-01  9.470020237384639e-01
5.389359174348660e-01  9.529266361942722e-01
5.419518329281880e-01  9.583085691538105e-01
5.442443321206055e-01  9.632500343879962e-01
5.462301125713669e-01  9.677544934973570e-01
5.479978295212979e-01  9.718416564072169e-01
5.495766502216755e-01  9.754893371184750e-01
5.510524267503943e-01  9.787293440963998e-01
5.523508745477611e-01  9.815758552021017e-01
5.535070031927922e-01  9.840728710688433e-01
5.545594654431192e-01  9.862532746234155e-01
5.554516077559675e-01  9.881422671034465e-01
5.562592369987763e-01  9.897787349403914e-01
5.569823065095588e-01  9.911985380227136e-01

2.393936832309609e-01  8.551922862716280e-01
4.124670658570083e-01  9.031439553686189e-01
4.976196992081916e-01  9.231432519608392e-01
5.229572882947674e-01  9.324958583296885e-01
5.319928764586214e-01  9.393042371286294e-01
5.363104989419721e-01  9.453938041258131e-01
5.391816474943355e-01  9.511305103955470e-01
5.415327225961956e-01  9.565514414031516e-01
5.436544148426211e-01  9.616046803773697e-01
5.455933771220497e-01  9.662610075863755e-01
5.474001364729771e-01  9.704904454086889e-01
5.490646272465542e-01  9.742805673132088e-01
5.505573301685870e-01  9.776581431241854e-01
5.519193547417245e-01  9.806302861168592e-01
5.531261093391747e-01  9.832424311109025e-01
5.542135246771048e-01  9.855334303733759e-01
5.551742979976771e-01  9.875103053956863e-01
5.559938572396479e-01  9.892331085369586e-01

2.868237084537035e-01  8.552478893087885e-01
4.411310336204060e-01  8.965329534926646e-01
5.018413787521365e-01  9.123111075398924e-01
5.206233860893291e-01  9.202833581867881e-01
5.277971253669977e-01  9.264805373823016e-01
5.315274934186670e-01  9.323624438877223e-01
5.342264638849351e-01  9.382432948349437e-01
5.366654960425470e-01  9.440546605553013e-01
5.389304003554809e-01  9.497684333869743e-01
5.411081148246802e-01  9.552305455477855e-01
5.431956187934133e-01  9.603657451543514e-01
5.451624249907278e-01  9.651219036513760e-01
5.470060953821255e-01  9.694459963720758e-01
5.486701015962470e-01  9.733453782054465e-01
5.502032128504687e-01  9.768244864501736e-01
5.515899736846024e-01  9.799003163163311e-01
5.528287301511179e-01  9.826032400596756e-01
5.539442522488618e-01  9.849719375443646e-01

5.000000042362233e-02  9.026317052715659e-01
6.751678708509157e-02  8.957278605310519e-01
9.893048766155260e-02  8.873446825015043e-01
1.671766520797994e-01  8.805425310163040e-01
3.274416879126498e-01  9.151765063821996e-01
4.759650056652946e-01  9.426230545275126e-01
5.232877929370312e-01  9.533656306824460e-01
5.378377827302515e-01  9.598085422636230e-01
5.435000455827896e-01  9.649155895717553e-01
5.464492046301076e-01  9.693510787485630e-01
5.484700297574173e-01  9.732842174274083e-01
5.501276008559465e-01  9.767726367582898e-01
5.515497081198880e-01  9.798581355678654e-01
5.528056409815888e-01  9.825669593151415e-01
5.539355875509300e-01  9.849397039776527e-01
5.549267197902245e-01  9.869941921160055e-01
5.557761580822339e-01  9.887852225191026e-01
5.565314468492295e-01  9.903368420712900e-01

9.736842104868536e-02  9.026315789476470e-01
1.567059768461361e-01  8.971561915582736e-01
3.021060216595414e-01  9.206500074071589e-01
4.660507103020675e-01  9.487493158643370e-01
5.225656371566729e-01  9.594465145497858e-01
5.392622793743259e-01  9.654721475708428e-01
5.454147267675874e-01  9.700697621081247e-01
5.483739339826068e-01  9.739833198806129e-01
5.502908745377235e-01  9.774081411171391e-01
5.517717957828059e-01  9.804164375843240e-01
5.530079021015071e-01  9.830584488688892e-01
5.541102104148531e-01  9.853758820849227e-01
5.550905176884738e-01  9.873749560989475e-01
5.559457072479070e-01  9.891129630674539e-01
5.566989888164845e-01  9.906195307615788e-01
5.573425276647370e-01  9.919322378261048e-01
5.579218356967955e-01  9.930638244223158e-01
5.583910195352204e-01  9.940245241406034e-01

1.447293171768786e-01  9.026308324265819e-01
2.719753465983623e-01  9.169739867813402e-01
4.485666214951039e-01  9.481405169187088e-01
5.182640992987402e-01  9.600469107557134e-01
5.383066601284021e-01  9.662557617352792e-01
5.453658932083885e-01  9.708307123977276e-01
5.485640368289187e-01  9.746786012090600e-01
5.505131366181946e-01  9.780381749382591e-01
5.520085142792768e-01  9.809725233596293e-01
5.532496179095202e-01  9.835445430293763e-01
5.543391262371367e-01  9.857966747637542e-01
5.552778505841406e-01  9.877431306972465e-01
5.561188796089130e-01  9.894288920923888e-01
5.568414243678179e-01  9.908942169684689e-01
5.574637366072362e-01  9.921730350291353e-01
5.580392252945833e-01  9.932647097613089e-01
5.585206689453988e-01  9.941964204168805e-01
5.588915105262120e-01  9.950077021992859e-01

1.895507690514489e-01  9.019063874044612e-01
3.631867294729130e-01  9.362428583969700e-01
4.928815297834764e-01  9.560906111479320e-01
5.308764101547307e-01  9.641646465597117e-01
5.427485885769324e-01  9.692964679367851e-01
5.474094887239658e-01  9.733978712405404e-01
5.498651157920817e-01  9.769149385372315e-01
5.515199163056135e-01  9.799914548647152e-01
5.528304868186641e-01  9.826862543603596e-01
5.539675638641107e-01  9.850461618728947e-01
5.549711618571060e-01  9.870865570054159e-01
5.558171206195062e-01  9.888649721563900e-01
5.565791900270822e-01  9.904045511896633e-01
5.572127614789995e-01  9.917476603410957e-01
5.578147614953164e-01  9.929091450769688e-01
5.582937255451660e-01  9.938917030682696e-01
5.587515461853658e-01  9.947440122412632e-01
5.591228588865627e-01  9.954797055935408e-01

2.065852989296304e-01  8.880118969505914e-01
3.876321683576762e-01  9.292953563504800e-01
4.985066143733093e-01  9.488568766156501e-01
5.303551231537720e-01  9.573431230491219e-01
5.407764136114290e-01  9.630686683396201e-01
5.451812848791429e-01  9.677755000511762e-01
5.477021111502330e-01  9.719099072716252e-01
5.495240005310861e-01  9.755619739918692e-01
5.510424920136874e-01  9.788012073576996e-01
5.523598635482302e-01  9.816407810266323e-01
5.535363925162542e-01  9.841286152968109e-01
5.545886426747939e-01  9.863012018425357e-01
5.555027535222117e-01  9.881804388601231e-01
5.562901708015761e-01  9.898111580974024e-01
5.569844574013596e-01  9.912276775701737e-01
5.576104263547819e-01  9.924610546974428e-01
5.581492969624626e-01  9.935087393859734e-01
5.585964520443146e-01  9.944110502551794e-01

2.867061857419322e-01  9.025537086127959e-01
4.548893969028657e-01  9.365083545732736e-01
5.167826432295524e-01  9.495540678134533e-01
5.351122511916704e-01  9.566934884969946e-01
5.419100607743724e-01  9.621580178945122e-01
5.452763087453424e-01  9.668620152873314e-01
5.474663099782088e-01  9.710649438499538e-01
5.492415431295620e-01  9.747969250214676e-01
5.507558458237989e-01  9.781195350674359e-01
5.520922757326230e-01  9.810388845463238e-01
5.532830646648672e-01  9.836019310595755e-01
5.543542058068572e-01  9.858482939789079e-01
5.552924861243876e-01  9.877885368208962e-01
5.560984997581491e-01  9.894741707611089e-01
5.568080056403387e-01  9.909365691512759e-01
5.574636614161170e-01  9.922091159175366e-01
5.580401399269671e-01  9.932958194594370e-01
5.584981413376627e-01  9.942252513681230e-01

3.342109715910007e-01  9.026292716466736e-01
4.755398430677280e-01  9.318866803542810e-01
5.203002839755210e-01  9.434817853311895e-01
5.343780558895610e-01  9.506130989259859e-01
5.400612016102544e-01  9.564114325700290e-01
5.432112883087656e-01  9.615651181173862e-01
5.454747703647744e-01  9.662434894620853e-01
5.473650390124282e-01  9.704799287085679e-01
5.490457068070188e-01  9.742731392121972e-01
5.505464474078010e-01  9.776527050309637e-01
5.519094336760152e-01  9.806253121316136e-01
5.531238233379975e-01  9.832381047695705e-01
5.542197633109902e-01  9.855279020238715e-01
5.551812979562015e-01  9.875051849722353e-01
5.560119134570192e-01  9.892255584067419e-01
5.567394562624053e-01  9.907175201048295e-01
5.573928935678263e-01  9.920174028965392e-01
5.579613756117402e-01  9.931353104773808e-01

3.815789473733990e-01  9.026315789747392e-01
4.898938264903286e-01  9.265268419445969e-01
5.221276265581805e-01  9.368142637501506e-01
5.330004380788388e-01  9.438250591664802e-01
5.378447960499436e-01  9.498593927496316e-01
5.408292425896751e-01  9.554063105943621e-01
5.431494498704540e-01  9.605554586320910e-01
5.452005141768215e-01  9.653009430601989e-01
5.470336817725046e-01  9.696188639982820e-01
5.487219215923428e-01  9.735009402311604e-01
5.502529179253903e-01  9.769646207680092e-01
5.516286862625549e-01  9.800238654364662e-01
5.528684064040642e-01  9.827124758455958e-01
5.539909220005788e-01  9.850680604470049e-01
5.549866214783213e-01  9.871049782152274e-01
5.558400848290448e-01  9.888784611320337e-01
5.565754295252621e-01  9.904184762317613e-01
5.572298747292534e-01  9.917589462872347e-01

4.289473684193532e-01  9.026315789072854e-01
5.011825852186261e-01  9.204267204821155e-01
5.230031443008799e-01  9.292095593413103e-01
5.310683941390231e-01  9.358571324011843e-01
5.350982853636239e-01  9.419558286595952e-01
5.378817744916398e-01  9.477956991889237e-01
5.402680504374061e-01  9.533764923819894e-01
5.424455168020472e-01  9.586451317508677e-01
5.444794278768088e-01  9.635400437799415e-01
5.463593038790450e-01  9.680209594608746e-01
5.480946493640663e-01  9.720805070779722e-01
5.497009183933941e-01  9.756945671270419e-01
5.511419645741166e-01  9.789137566312817e-01
5.524256154381120e-01  9.817375739948020e-01
5.535908078826367e-01  9.842105594674398e-01
5.546296243071356e-01  9.863705240826693e-01
5.555306327478190e-01  9.882412253115842e-01
5.563146042398868e-01  9.898655997825671e-01

4.763158230150006e-01  9.026316020655371e-01
5.115476572304020e-01  9.134019689118286e-01
5.233339086649930e-01  9.200635474215828e-01
5.284299522908791e-01  9.258709576202395e-01
5.315161819517349e-01  9.316201771329464e-01
5.340028009065799e-01  9.374587659281631e-01
5.363376979358452e-01  9.433055407524668e-01
5.386126413017304e-01  9.490432658591396e-01
5.408127546896354e-01  9.545492826242863e-01
5.428984447353918e-01  9.597430106496087e-01
5.449042615972474e-01  9.645541212315882e-01
5.467592984069565e-01  9.689369925117299e-01
5.484554939537202e-01  9.728954774118871e-01
5.500034400720105e-01  9.764270034464864e-01
5.514226938857851e-01  9.795560549558933e-01
5.526844154714680e-01  9.823021386496905e-01
5.538166761071275e-01  9.847080644174503e-01
5.548255210759482e-01  9.867955134938055e-01

5.236837725007548e-01  9.026319648925990e-01
5.228035681008640e-01  9.051566141068818e-01
5.234509943194496e-01  9.084630325887392e-01
5.247477043889853e-01  9.123873270867010e-01
5.263737282434027e-01  9.168623560864778e-01
5.282268424143290e-01  9.218047216131317e-01
5.302559538578306e-01  9.271435444415417e-01
5.323904394628249e-01  9.327764414853071e-01
5.345864009542998e-01  9.385849823427745e-01
5.368052681060694e-01  9.444056514056389e-01
5.390500491360440e-01  9.501062572879645e-01
5.412128921988475e-01  9.555646883352900e-01
5.433131138881871e-01  9.606779938708913e-01
5.452654263793336e-01  9.654096207217833e-01
5.470809531842997e-01  9.697172619053929e-01
5.487677549289431e-01  9.735829496916328e-01
5.502773237552870e-01  9.770386616613540e-01
5.516611985116964e-01  9.800881301055141e-01

4.999999443174113e-02  9.500000412778210e-01
5.770270017994410e-02  9.489586208643592e-01
6.824941019742940e-02  9.478593269333901e-01
8.378751889328544e-02  9.466974580494028e-01
1.092810923568787e-01  9.454475675768543e-01
1.594488332807185e-01  9.442549538159178e-01
2.822877475499971e-01  9.524212703446382e-01
4.579094968485494e-01  9.713275973281856e-01
5.261370778786999e-01  9.783581019412541e-01
5.452529077899282e-01  9.819810945914855e-01
5.515524451942335e-01  9.846124669227554e-01
5.541224122355787e-01  9.867632312058939e-01
5.554866758929174e-01  9.885947589550257e-01
5.563983250143099e-01  9.901739691161630e-01
5.571668406070531e-01  9.915397795576211e-01
5.577559621352866e-01  9.927316298768926e-01
5.582504618729518e-01  9.937384927660224e-01
5.586894006292873e-01  9.946106083199676e-01

9.736889256342177e-02  9.500000074899506e-01
1.326092990874379e-01  9.489353549109085e-01
2.112791042456473e-01  9.493836835450651e-01
3.848942286272238e-01  9.684675266861357e-01
5.058908892480433e-01  9.785999775311500e-01
5.399735582753988e-01  9.827561990115137e-01
5.502626786009751e-01  9.854186496915808e-01
5.539415193025974e-01  9.874933762734854e-01
5.556389874684448e-01  9.892364343515859e-01
5.566332345434361e-01  9.907326461780976e-01
5.573504920966497e-01  9.920337155539828e-01
5.579450648566533e-01  9.931501508390610e-01
5.584258759264663e-01  9.940992650664078e-01
5.588427872403521e-01  9.949235747220252e-01
5.592178029152968e-01  9.956332432986974e-01
5.595509930970715e-01  9.962439154191556e-01
5.598185310887127e-01  9.967704722332056e-01
5.600426250103916e-01  9.972243379964904e-01

1.445999650131586e-01  9.499987532252385e-01
2.404950823921450e-01  9.524766458852912e-01
4.221352470660626e-01  9.718642624801448e-01
5.171152622432184e-01  9.799125498572938e-01
5.432560416078606e-01  9.835485288506514e-01
5.514719755122669e-01  9.860209344334688e-01
5.545214354190854e-01  9.879936993883588e-01
5.559557115631408e-01  9.896639955703899e-01
5.568612199914869e-01  9.911021626827375e-01
5.575431690403814e-01  9.923532616706711e-01
5.580890267104981e-01  9.934182996540849e-01
5.585640679137648e-01  9.943311769658612e-01
5.589549508814091e-01  9.951237076378376e-01
5.592897468857048e-01  9.958065941561287e-01
5.596016597973807e-01  9.963942194180634e-01
5.598816587061584e-01  9.968995414421977e-01
5.600942778465763e-01  9.973352941622805e-01
5.602961844458242e-01  9.977105523609862e-01

1.647544255038930e-01  9.480890580703462e-01
2.924618166097869e-01  9.569188466747816e-01
4.647006256956917e-01  9.738897239481020e-01
5.284309633061510e-01  9.801574417743187e-01
5.463675479945113e-01  9.834586467214701e-01
5.523228785022896e-01  9.858785680147556e-01
5.547160836290618e-01  9.878527778307545e-01
5.559604994063613e-01  9.895385964848049e-01
5.567956370260352e-01  9.909950893282603e-01
5.574713477171351e-01  9.922607957125992e-01
5.580554126662772e-01  9.933395506403038e-01
5.585105227098716e-01  9.942637969153018e-01
5.589226661555389e-01  9.950649418950391e-01
5.592737889620867e-01  9.957557159554810e-01
5.595700610227071e-01  9.963507267678712e-01
5.598557923822001e-01  9.968623171460790e-01
5.600773193994643e-01  9.973037974538729e-01
5.602872551101373e-01  9.976833708233074e-01

1.488671543337265e-01  9.353759564216463e-01
2.622199324205005e-01  9.420138813259823e-01
4.430817334671203e-01  9.652691932208171e-01
5.210517157582039e-01  9.741602348261345e-01
5.427687995637952e-01  9.785480440044115e-01
5.499729418776483e-01  9.816474352062726e-01
5.528418732007687e-01  9.841992760324386e-01
5.543847327218178e-01  9.863781294759721e-01
5.554383745102064e-01  9.882547207205978e-01
5.563116315157431e-01  9.898752204583898e-01
5.570205255119119e-01  9.912832636043833e-01
5.576442962847816e-01  9.925091727253021e-01
5.581619877769350e-01  9.935495565560303e-01
5.586214365283267e-01  9.944453730268198e-01
5.590345515313835e-01  9.952207590127706e-01
5.593567352570910e-01  9.958896101993259e-01
5.596438203689373e-01  9.964654683376043e-01
5.598911437151772e-01  9.969618156900641e-01

2.119305328465822e-01  9.334932986818465e-01
3.902847732020681e-01  9.590508610896393e-01
5.056929442863685e-01  9.716280864722301e-01
5.381002118699757e-01  9.769286529475507e-01
5.481518709230342e-01  9.803841608494780e-01
5.519469415705246e-01  9.831289783760672e-01
5.538276976022847e-01  9.854630295906130e-01
5.550137327604272e-01  9.874596129062893e-01
5.559399661465674e-01  9.891887698490734e-01
5.567171051203468e-01  9.906860976613731e-01
5.573739254940738e-01  9.919901392389457e-01
5.579372892343029e-01  9.931132656796106e-01
5.584173475321877e-01  9.940670018095438e-01
5.588548462214233e-01  9.948941528774751e-01
5.592113410481274e-01  9.956081257944198e-01
5.595105486226721e-01  9.962235083472987e-01
5.597813365981178e-01  9.967535145536103e-01
5.600323810507667e-01  9.972096492700767e-01

3.302346131790997e-01  9.490118081970762e-01
4.831039204950281e-01  9.671826751782349e-01
5.313244340886923e-01  9.740916383826278e-01
5.455174166155795e-01  9.781271986147944e-01
5.505725088634001e-01  9.812080488669975e-01
5.528852325287017e-01  9.837925846772767e-01
5.542970584796911e-01  9.860234637976041e-01
5.553453812297683e-01  9.879407298476454e-01
5.561765743810508e-01  9.896054464377637e-01
5.568972443566246e-01  9.910478883168450e-01
5.575398735835077e-01  9.923051873542410e-01
5.580930950363473e-01  9.933762063596345e-01
5.585478717236151e-01  9.942951913630985e-01
5.589525067456580e-01  9.950912805002077e-01
5.592882139636637e-01  9.957784771796750e-01
5.596017357689226e-01  9.963693870838213e-01
5.598618720883375e-01  9.968789957761205e-01
5.600763177871073e-01  9.973179291238067e-01

3.815888358245633e-01  9.500005175460030e-01
5.013213580036258e-01  9.653546102420000e-01
5.353619647983985e-01  9.717691086066174e-01
5.459894862459064e-01  9.759267765934271e-01
5.501175853176028e-01  9.792499693647297e-01
5.522133373161687e-01  9.820670435594731e-01
5.536074946166424e-01  9.845120862248243e-01
5.546948655144924e-01  9.866340411783024e-01
5.556009800597880e-01  9.884730751169800e-01
5.564106291421039e-01  9.900641650760614e-01
5.571051122081504e-01  9.914476861654392e-01
5.577183431673816e-01  9.926507259789936e-01
5.582149736118734e-01  9.936697378444638e-01
5.586586228937780e-01  9.945511126950084e-01
5.590536724489769e-01  9.953124245124522e-01
5.594117874847695e-01  9.959680155912010e-01
5.596842654335737e-01  9.965333414208464e-01
5.599293480401822e-01  9.970201419435872e-01

4.289408778420487e-01  9.499999582725063e-01
5.139917126088457e-01  9.627706776659225e-01
5.379058969670764e-01  9.689078076893165e-01
5.459676415559415e-01  9.732522949312911e-01
5.493973316777944e-01  9.768414678161017e-01
5.513487965746352e-01  9.799437623497876e-01
5.527709041913516e-01  9.826486263306137e-01
5.539296636865362e-01  9.850147792461795e-01
5.549484157372657e-01  9.870597402338497e-01
5.558226926720959e-01  9.888384904487670e-01
5.565808083007939e-01  9.903814225452364e-01
5.572349077680968e-01  9.917260577917574e-01
5.578388517027296e-01  9.928882277195168e-01
5.583257324403856e-01  9.938726448280405e-01
5.587668355772779e-01  9.947259149505122e-01
5.591493976673538e-01  9.954630876233344e-01
5.594595360744643e-01  9.960984638531406e-01
5.597315276192825e-01  9.966455869905917e-01

4.763142972375621e-01  9.499996356656599e-01
5.253132614279122e-01  9.598684876468305e-01
5.400994986325051e-01  9.657027699302773e-01
5.456904452195646e-01  9.702433994595766e-01
5.485003341537348e-01  9.741292924596534e-01
5.503515113964003e-01  9.775408251425393e-01
5.518195224571931e-01  9.805328553104433e-01
5.530709466693610e-01  9.831590700163351e-01
5.541785419854312e-01  9.854591730335177e-01
5.551224558195669e-01  9.874491362954507e-01
5.559574231862195e-01  9.891801647031416e-01
5.567146389956906e-01  9.906782341647742e-01
5.573707345318011e-01  9.919834010329672e-01
5.579452452067828e-01  9.931067894718033e-01
5.584283047071013e-01  9.940607152929366e-01
5.588315010053461e-01  9.948901823427090e-01
5.591939133371627e-01  9.956052498758733e-01
5.595197223739482e-01  9.962202970287694e-01

5.236737444360268e-01  9.500026986573643e-01
5.370448445637969e-01  9.566034285828878e-01
5.424286494926001e-01  9.619422102843869e-01
5.453589704968310e-01  9.666342854527543e-01
5.474016563571191e-01  9.708536370837291e-01
5.491435558521558e-01  9.746140158092926e-01
5.506740878033451e-01  9.779569103070331e-01
5.520185058737167e-01  9.808960018753912e-01
5.532195879441623e-01  9.834771603682317e-01
5.543050511825376e-01  9.857383285853852e-01
5.552430270405907e-01  9.876927716280233e-01
5.560794007556784e-01  9.893879501305405e-01
5.568040014217094e-01  9.908605780271663e-01
5.574503899259007e-01  9.921419910597578e-01
5.580227718946600e-01  9.932389378562032e-01
5.584930097129359e-01  9.941751498915956e-01
5.589020325057756e-01  9.949883690600806e-01
5.592407462515255e-01  9.956899795240803e-01

5.710624343688939e-01  9.499829052821456e-01
5.508301588377640e-01  9.528263852864659e-01
5.453235471171526e-01  9.573495153936670e-01
5.449546506764774e-01  9.621214958897618e-01
5.461100152000848e-01  9.666643344601198e-01
5.476502889121982e-01  9.708412095605032e-01
5.492141661518224e-01  9.745927424737851e-01
5.506855843126788e-01  9.779352325347380e-01
5.520149370831587e-01  9.808763871790108e-01
5.532224383280961e-01  9.834590917130822e-01
5.543061954579921e-01  9.857220869658552e-01
5.552546574091446e-01  9.876752958973991e-01
5.560779631791951e-01  9.893730136221411e-01
5.567906961227128e-01  9.908480192363773e-01
5.574462247566148e-01  9.921310314496216e-01
5.580242504254457e-01  9.932293926561663e-01
5.584731116339190e-01  9.941677314729328e-01
5.588836994699775e-01  9.949827777815746e-01

6.184205121144325e-01  9.500000991749785e-01
5.689563246278369e-01  9.480192949986553e-01
5.496093229804334e-01  9.509578922158455e-01
5.444869378802378e-01  9.555646941954671e-01
5.442514667445035e-01  9.604551659576110e-01
5.454731231767382e-01  9.651515633482363e-01
5.470794556106067e-01  9.694647955260980e-01
5.486927701727710e-01  9.733583929952391e-01
5.501961893349989e-01  9.768380337589451e-01
5.515890353095944e-01  9.799126778818638e-01
5.528267558939591e-01  9.826147527415481e-01
5.539509470303242e-01  9.849822187529982e-01
5.549506884428888e-01  9.870306721918952e-01
5.558092451988269e-01  9.888142913570724e-01
5.565785331790881e-01  9.903596854584260e-01
5.572399586930690e-01  9.917051665251811e-01
5.578294069185037e-01  9.928707987629539e-01
5.583245612969893e-01  9.938574966178861e-01

6.657859978040903e-01  9.499972418535094e-01
5.951340809195156e-01  9.408617662810620e-01
5.569602711544871e-01  9.402122361079471e-01
5.437325050474990e-01  9.438374216578130e-01
5.408576804008208e-01  9.489076242078703e-01
5.413954475203034e-01  9.542458384221000e-01
5.430029355089839e-01  9.593990249739190e-01
5.448452595072288e-01  9.642224937360271e-01
5.466467192180972e-01  9.686362076377024e-01
5.483396248211730e-01  9.726283567807538e-01
5.498986105782734e-01  9.761892634307535e-01
5.513221482452155e-01  9.793493317682532e-01
5.525984274025771e-01  9.821208240504722e-01
5.537345793433472e-01  9.845506948498872e-01
5.547514795017362e-01  9.866617979364758e-01
5.556431648346274e-01  9.884956154683926e-01
5.564156215201559e-01  9.900848116984716e-01
5.571022008268981e-01  9.914660818865415e-01

7.131579432384949e-01  9.500002460238016e-01
6.344223522456236e-01  9.302817212521495e-01
5.720313393465986e-01  9.199606773035133e-01
5.427808235078792e-01  9.182818695440818e-01
5.331799432441829e-01  9.210103765766874e-01
5.313383711920793e-01  9.255715839883305e-01
5.321966116863159e-01  9.309403958015873e-01
5.340082333256351e-01  9.366516100955893e-01
5.361210752175529e-01  9.424733136540636e-01
5.383215114608041e-01  9.482212101855919e-01
5.404994007493710e-01  9.537680096864866e-01
5.426267506795545e-01  9.590010647306569e-01
5.446118631502957e-01  9.638704283035586e-01
5.464920890778289e-01  9.683141169260633e-01
5.482160517295300e-01  9.723429445019564e-01
5.497834825736219e-01  9.759313576028845e-01
5.512246379143749e-01  9.791237971058239e-01
5.525134902523681e-01  9.819217770892517e-01

