4.249903254998993e-01  4.833257777844669e-01
4.157006621058753e-01  4.664854622013535e-01
4.150660820674043e-01  4.598788203152455e-01
4.169353615174010e-01  4.564762022295153e-01
4.193611751178650e-01  4.541205128986354e-01
4.217879532744974e-01  4.522247434631439e-01
4.240311261256660e-01  4.505831807939343e-01
4.260053639945905e-01  4.490973504731438e-01
4.277588589137571e-01  4.477882667016476e-01
4.292850990716864e-01  4.466220962039031e-01
4.305737762455594e-01  4.455510194345803e-01
4.316888778494987e-01  4.446246014655088e-01
4.326837991216833e-01  4.438392116280028e-01
4.335134843783696e-01  4.431256131583969e-01
4.342256118884909e-01  4.424945866678976e-01
4.348111372814055e-01  4.419187920630007e-01
4.353463642360896e-01  4.414706278150252e-01
4.357819785561221e-01  4.410533217112091e-01

5.166477715338565e-01  4.833190366532136e-01
4.701223434726298e-01  4.439609261750493e-01
4.546796506291845e-01  4.326633611269045e-01
4.491620498228250e-01  4.302673708224559e-01
4.467401986160799e-01  4.304474979379470e-01
4.453220559674637e-01  4.312748637606702e-01
4.443115383086479e-01  4.321900973055497e-01
4.435049314556741e-01  4.330537035032424e-01
4.428236437657769e-01  4.338211941746058e-01
4.422276536785288e-01  4.344889913512326e-01
4.417031872368968e-01  4.350422809485500e-01
4.412874980651957e-01  4.355499458994303e-01
4.409198848861484e-01  4.359841609647468e-01
4.406064600163319e-01  4.363618146950290e-01
4.403199846573966e-01  4.366710636286094e-01
4.400581856618781e-01  4.369213199463449e-01
4.398354432921971e-01  4.371397720205835e-01
4.396394182783959e-01  4.373231769397526e-01

5.166525460382428e-01  5.749905272440691e-01
4.520201935308192e-01  4.943775542759982e-01
4.304409152222112e-01  4.655553113435878e-01
4.253867491480203e-01  4.555772329566311e-01
4.253047510757196e-01  4.514881846106049e-01
4.265710135340783e-01  4.492883361048308e-01
4.280551929369162e-01  4.477464402222384e-01
4.294832814598216e-01  4.465217501377847e-01
4.307248533165217e-01  4.454394001069041e-01
4.318093165760730e-01  4.445172129010159e-01
4.327615374932399e-01  4.437226757401336e-01
4.335986090782213e-01  4.430422755567496e-01
4.343108800546710e-01  4.424326866800126e-01
4.348761165224954e-01  4.418588141998349e-01
4.353970667606692e-01  4.414136607961673e-01
4.358205398679503e-01  4.409992386219825e-01
4.361960742307473e-01  4.406513285767441e-01
4.365301529197306e-01  4.403621635500686e-01

5.166479464159138e-01  6.666362516574794e-01
4.413043553000858e-01  5.511163777182894e-01
4.048440470878396e-01  5.000200399396398e-01
3.940450678444403e-01  4.819301212892542e-01
3.925159300475903e-01  4.748371878361903e-01
3.941890464214390e-01  4.711713116248131e-01
3.970545220406489e-01  4.685285397345145e-01
4.004119864575798e-01  4.661669435647522e-01
4.039420769337249e-01  4.638700906610145e-01
4.074807659327784e-01  4.616112963331500e-01
4.109175995249352e-01  4.594123669453127e-01
4.141682689984116e-01  4.572902605979347e-01
4.171983953307081e-01  4.552959675895046e-01
4.199326782340226e-01  4.534180102993645e-01
4.224195046749759e-01  4.517061969959857e-01
4.246157820097698e-01  4.501411246768908e-01
4.265450009176673e-01  4.487178708613606e-01
4.282144971726965e-01  4.474384884220455e-01

