3.333299986696641e-01  8.499899993383542e-01
4.570431577216749e-01  8.823517695193842e-01
4.999639400810610e-01  8.933049209765414e-01
5.135955674738303e-01  8.980110304168490e-01
5.186050109126997e-01  9.012586458523787e-01
5.210099246905547e-01  9.043972052389682e-01
5.227348002314282e-01  9.078497483692392e-01
5.243508255009145e-01  9.117685709916704e-01
5.260671664847816e-01  9.162001128229260e-01
5.279346952469929e-01  9.210984802409956e-01
5.299598840313118e-01  9.263936157140983e-01
5.320978938155431e-01  9.319844764702397e-01
5.342769953116508e-01  9.377791761071511e-01
5.365049702745673e-01  9.436061315201163e-01
5.387454280893277e-01  9.493308712911268e-01
5.409256804952745e-01  9.548169553463564e-01
5.430314537605302e-01  9.599810425828873e-01
5.450143475093485e-01  9.647699185886736e-01

