1.499999603766386e-01  8.499899680442379e-01
2.948745802025444e-01  8.833003513976277e-01
4.543428206527245e-01  9.202513208254363e-01
5.121800166199096e-01  9.345831921519065e-01
5.298393260601688e-01  9.425486042274829e-01
5.366385327136965e-01  9.488627729443375e-01
5.402170647333417e-01  9.545302085901586e-01
5.427332534805447e-01  9.597635944889800e-01
5.448567079951413e-01  9.645846205914889e-01
5.467520265610167e-01  9.689688368350359e-01
5.484615984977391e-01  9.729246822259229e-01
5.500223756556214e-01  9.764521336127722e-01
5.514298935378922e-01  9.795781260039966e-01
5.526838723486869e-01  9.823223019949726e-01
5.538137175557249e-01  9.847284919148579e-01
5.548188714238366e-01  9.868139525621752e-01
5.557047242453019e-01  9.886265973481282e-01
5.564896031266154e-01  9.901976717012831e-01

2.415762230637065e-01  8.499206252039455e-01
4.122648350353087e-01  8.983634861626609e-01
4.960676840123447e-01  9.184766324051795e-01
5.211748162509325e-01  9.278021163160860e-01
5.301833299492226e-01  9.345838634110375e-01
5.345042672840498e-01  9.407204090420281e-01
5.373678423648918e-01  9.466000919425296e-01
5.397961618258013e-01  9.522409492403652e-01
5.420204435405443e-01  9.575819031738165e-01
5.440932090752794e-01  9.625530050583253e-01
5.459877683271523e-01  9.671163122531912e-01
5.477474463409919e-01  9.712621653309498e-01
5.493603564976780e-01  9.749715745521055e-01
5.508377606623734e-01  9.782737673341423e-01
5.521547996662263e-01  9.811751296371610e-01
5.533470936630710e-01  9.837203066911937e-01
5.544118382971387e-01  9.859520482886419e-01
5.553377831446092e-01  9.878764645080442e-01

