-1.871000000000000e-02 4.249964455240599e-01  4.833334719633757e-01
-1.871000000000000e-02 4.157185199288335e-01  4.664985100545312e-01
-1.871000000000000e-02 4.150742155599433e-01  4.598818125438431e-01
-1.871000000000000e-02 4.169381950745126e-01  4.564753154082917e-01
-1.871000000000000e-02 4.193873800184361e-01  4.541368649536286e-01
-1.871000000000000e-02 4.218262656626174e-01  4.522469586902835e-01
-1.871000000000000e-02 4.240573620630392e-01  4.505928351755941e-01
-1.871000000000000e-02 4.260479714713185e-01  4.491183713938751e-01
-1.871000000000000e-02 4.277819801484062e-01  4.477907841371019e-01
-1.871000000000000e-02 4.292995814853808e-01  4.466190290004567e-01
-1.871000000000000e-02 4.306100516386840e-01  4.455688781139363e-01
-1.871000000000000e-02 4.317268026524695e-01  4.446430257022826e-01
-1.871000000000000e-02 4.326980803186069e-01  4.438364906778904e-01
-1.871000000000000e-02 4.335287205824914e-01  4.431256576041031e-01
-1.871000000000000e-02 4.342449634588837e-01  4.425003855620566e-01
-1.871000000000000e-02 4.348484358594366e-01  4.419425015547961e-01
-1.871000000000000e-02 4.353636990744554e-01  4.414761482670417e-01
-1.871000000000000e-02 4.358155341225243e-01  4.410753877318006e-01


-1.871000000000000e-02 5.166573598763812e-01  4.833277034340618e-01
-1.871000000000000e-02 4.701337391898522e-01  4.439748284206728e-01
-1.871000000000000e-02 4.546856497405109e-01  4.326737336169034e-01
-1.871000000000000e-02 4.491600705129430e-01  4.302682065409051e-01
-1.871000000000000e-02 4.467355017081320e-01  4.304453878576349e-01
-1.871000000000000e-02 4.453273347489429e-01  4.312827535374682e-01
-1.871000000000000e-02 4.443368758238926e-01  4.322208655647634e-01
-1.871000000000000e-02 4.435342331185964e-01  4.330908275205483e-01
-1.871000000000000e-02 4.428502857978865e-01  4.338574026981293e-01
-1.871000000000000e-02 4.422512473132523e-01  4.345226099560103e-01
-1.871000000000000e-02 4.417300759811282e-01  4.350793319688069e-01
-1.871000000000000e-02 4.412964157689180e-01  4.355682633913780e-01
-1.871000000000000e-02 4.409174020862454e-01  4.359898549853449e-01
-1.871000000000000e-02 4.405866428726576e-01  4.363488082972495e-01
-1.871000000000000e-02 4.402994549675525e-01  4.366555560821342e-01
-1.871000000000000e-02 4.400506322355753e-01  4.369181967417461e-01
-1.871000000000000e-02 4.398353861583626e-01  4.371432724672913e-01
-1.871000000000000e-02 4.396494153780455e-01  4.373362772356359e-01


-1.871000000000000e-02 5.166572974372856e-01  5.749937726821468e-01
-1.871000000000000e-02 4.520096381634061e-01  4.943677018156246e-01
-1.871000000000000e-02 4.304428445805113e-01  4.655577881960919e-01
-1.871000000000000e-02 4.254256443167879e-01  4.556062573509403e-01
-1.871000000000000e-02 4.253354770290105e-01  4.515050997139293e-01
-1.871000000000000e-02 4.265850140712693e-01  4.492899454450747e-01
-1.871000000000000e-02 4.280718414546605e-01  4.477512054206098e-01
-1.871000000000000e-02 4.294946035576814e-01  4.465222549820763e-01
-1.871000000000000e-02 4.307600619505076e-01  4.454617272173735e-01
-1.871000000000000e-02 4.318533639963885e-01  4.445463995482795e-01
-1.871000000000000e-02 4.328041909373561e-01  4.437489355841830e-01
-1.871000000000000e-02 4.336190949957560e-01  4.430480307713587e-01
-1.871000000000000e-02 4.343223722985712e-01  4.424312368669412e-01
-1.871000000000000e-02 4.349124933684874e-01  4.418826549936246e-01
-1.871000000000000e-02 4.354205954433019e-01  4.414261746486661e-01
-1.871000000000000e-02 4.358641869338236e-01  4.410314575000766e-01
-1.871000000000000e-02 4.362416933588111e-01  4.406859498871258e-01
-1.871000000000000e-02 4.365639456445927e-01  4.403856104151115e-01


-1.871000000000000e-02 5.166581583286423e-01  6.666592656884237e-01
-1.871000000000000e-02 4.413128923988989e-01  5.510945160098075e-01
-1.871000000000000e-02 4.048720235586415e-01  4.999990799942627e-01
-1.871000000000000e-02 3.940729330292839e-01  4.819049126365531e-01
-1.871000000000000e-02 3.925755095066847e-01  4.748216389805617e-01
-1.871000000000000e-02 3.942739259864375e-01  4.711523805060786e-01
-1.871000000000000e-02 3.971516909342276e-01  4.684998997744238e-01
-1.871000000000000e-02 4.004977034623262e-01  4.661189447101564e-01
-1.871000000000000e-02 4.040184005870971e-01  4.638175102344618e-01
-1.871000000000000e-02 4.075532362808809e-01  4.615631664718464e-01
-1.871000000000000e-02 4.109888006878575e-01  4.593673487498017e-01
-1.871000000000000e-02 4.142470631662575e-01  4.572537433266008e-01
-1.871000000000000e-02 4.172712383477720e-01  4.552620867486367e-01
-1.871000000000000e-02 4.200220614648329e-01  4.534022774992555e-01
-1.871000000000000e-02 4.224908827536959e-01  4.516811954615431e-01
-1.871000000000000e-02 4.246801200426586e-01  4.501170752731727e-01
-1.871000000000000e-02 4.265998627202344e-01  4.486934137626463e-01
-1.871000000000000e-02 4.282698403151654e-01  4.474222335576642e-01


