-1.876000000000000e-02 3.537005632124454e-01  4.833323747819114e-01
-1.876000000000000e-02 3.695884774765759e-01  4.921373429814562e-01
-1.876000000000000e-02 3.813092129931337e-01  4.927901719403068e-01
-1.876000000000000e-02 3.912606141905109e-01  4.897503809559964e-01
-1.876000000000000e-02 4.003451833832734e-01  4.852740438350308e-01
-1.876000000000000e-02 4.087168718004801e-01  4.804700062000424e-01
-1.876000000000000e-02 4.162534125281978e-01  4.758791340260158e-01
-1.876000000000000e-02 4.228147400529104e-01  4.717181100243313e-01
-1.876000000000000e-02 4.283502009109607e-01  4.680652646815210e-01
-1.876000000000000e-02 4.329051289086193e-01  4.649279755347361e-01
-1.876000000000000e-02 4.365857869974458e-01  4.622783328978874e-01
-1.876000000000000e-02 4.395206933258195e-01  4.600649347684795e-01
-1.876000000000000e-02 4.418479538858547e-01  4.582262536840753e-01
-1.876000000000000e-02 4.436816784911379e-01  4.567258738978410e-01
-1.876000000000000e-02 4.451272117256380e-01  4.555022251978353e-01
-1.876000000000000e-02 4.462641633573221e-01  4.544950548019304e-01
-1.876000000000000e-02 4.471486155187476e-01  4.536955384215907e-01
-1.876000000000000e-02 4.478587312990364e-01  4.530581634203436e-01
-1.876000000000000e-02 4.484162190407273e-01  4.525443447099971e-01
-1.876000000000000e-02 4.488550719451336e-01  4.521315377469127e-01
-1.876000000000000e-02 4.492011721117574e-01  4.518008592882565e-01
-1.876000000000000e-02 4.494746982537372e-01  4.515363756587960e-01
-1.876000000000000e-02 4.496917038687811e-01  4.513239231241592e-01
-1.876000000000000e-02 4.498642434638675e-01  4.511515217640223e-01
-1.876000000000000e-02 4.500009701419165e-01  4.510109287094161e-01
-1.876000000000000e-02 4.501087518810528e-01  4.508969552790448e-01
-1.876000000000000e-02 4.501933639592500e-01  4.508057788431801e-01
-1.876000000000000e-02 4.502596006391766e-01  4.507338496345956e-01
-1.876000000000000e-02 4.503113407864110e-01  4.506777415049967e-01
-1.876000000000000e-02 4.503516757557720e-01  4.506343158808813e-01
-1.876000000000000e-02 4.503830557668557e-01  4.506008664769901e-01
-1.876000000000000e-02 4.504074210263741e-01  4.505751676060891e-01
-1.876000000000000e-02 4.504263056788611e-01  4.505554457211393e-01
-1.876000000000000e-02 4.504409202099459e-01  4.505403155405611e-01
-1.876000000000000e-02 4.504522158489357e-01  4.505287066009368e-01
-1.876000000000000e-02 4.504609372326134e-01  4.505197964260607e-01
-1.876000000000000e-02 4.504676656005052e-01  4.505129550541234e-01
-1.876000000000000e-02 4.504728529958275e-01  4.505077000694664e-01
-1.876000000000000e-02 4.504768507513459e-01  4.505036626448305e-01
-1.876000000000000e-02 4.504799300900688e-01  4.505005593606224e-01
-1.876000000000000e-02 4.504823014820332e-01  4.504981736918168e-01
-1.876000000000000e-02 4.504841273148096e-01  4.504963393834875e-01
-1.876000000000000e-02 4.504855328014138e-01  4.504949287377847e-01
-1.876000000000000e-02 4.504866146772866e-01  4.504938438790184e-01
-1.876000000000000e-02 4.504874472187713e-01  4.504930093365274e-01
-1.876000000000000e-02 4.504880880109137e-01  4.504923674801254e-01
-1.876000000000000e-02 4.504885810994317e-01  4.504918737037584e-01
-1.876000000000000e-02 4.504889606970586e-01  4.504914940111676e-01


-1.876000000000000e-02 3.944406648062114e-01  4.833320636657844e-01
-1.876000000000000e-02 4.047872243264519e-01  4.807401187104565e-01
-1.876000000000000e-02 4.133290333400496e-01  4.768877626844415e-01
-1.876000000000000e-02 4.205111418756739e-01  4.728897131580048e-01
-1.876000000000000e-02 4.265057705829071e-01  4.691866770398947e-01
-1.876000000000000e-02 4.314274884090361e-01  4.659237613261990e-01
-1.876000000000000e-02 4.354082301496461e-01  4.631302546916282e-01
-1.876000000000000e-02 4.385820916801990e-01  4.607623044737179e-01
-1.876000000000000e-02 4.411106913672913e-01  4.588138284735304e-01
-1.876000000000000e-02 4.430916616390001e-01  4.571993774668739e-01
-1.876000000000000e-02 4.446659419416787e-01  4.558914501331012e-01
-1.876000000000000e-02 4.459061744566449e-01  4.548210719656176e-01
-1.876000000000000e-02 4.468613488981419e-01  4.539463080183100e-01
-1.876000000000000e-02 4.476333013821015e-01  4.532616438066139e-01
-1.876000000000000e-02 4.482392660972940e-01  4.527083645535102e-01
-1.876000000000000e-02 4.487157502914866e-01  4.522632599097237e-01
-1.876000000000000e-02 4.490912601297500e-01  4.519063015670718e-01
-1.876000000000000e-02 4.493877547182898e-01  4.516207498458878e-01
-1.876000000000000e-02 4.496226263339904e-01  4.513919077558293e-01
-1.876000000000000e-02 4.498093461851859e-01  4.512068767553195e-01
-1.876000000000000e-02 4.499575468961665e-01  4.510560491839901e-01
-1.876000000000000e-02 4.500745785515617e-01  4.509333877431883e-01
-1.876000000000000e-02 4.501665673865558e-01  4.508347783822051e-01
-1.876000000000000e-02 4.502386402634782e-01  4.507566267371494e-01
-1.876000000000000e-02 4.502949794121490e-01  4.506954516416161e-01
-1.876000000000000e-02 4.503389297697702e-01  4.506479944156945e-01
-1.876000000000000e-02 4.503731464663288e-01  4.506113902607025e-01
-1.876000000000000e-02 4.503997318460869e-01  4.505832483113093e-01
-1.876000000000000e-02 4.504203495452719e-01  4.505616458525592e-01
-1.876000000000000e-02 4.504363131862609e-01  4.505450722514199e-01
-1.876000000000000e-02 4.504486564382795e-01  4.505323566137219e-01
-1.876000000000000e-02 4.504581897109005e-01  4.505225981221871e-01
-1.876000000000000e-02 4.504655464207553e-01  4.505151064853142e-01
-1.876000000000000e-02 4.504712194596741e-01  4.505093528124246e-01
-1.876000000000000e-02 4.504755918912964e-01  4.505049324559930e-01
-1.876000000000000e-02 4.504789605071755e-01  4.505015354276053e-01
-1.876000000000000e-02 4.504815551210090e-01  4.504989243509634e-01
-1.876000000000000e-02 4.504835526279081e-01  4.504969165182631e-01
-1.876000000000000e-02 4.504850903962571e-01  4.504953725474029e-01
-1.876000000000000e-02 4.504862743099002e-01  4.504941853655606e-01
-1.876000000000000e-02 4.504871853377636e-01  4.504932720724245e-01
-1.876000000000000e-02 4.504878862764422e-01  4.504925693837145e-01
-1.876000000000000e-02 4.504884258364558e-01  4.504920289985407e-01
-1.876000000000000e-02 4.504888412492609e-01  4.504916135052954e-01
-1.876000000000000e-02 4.504891608240107e-01  4.504912937832742e-01
-1.876000000000000e-02 4.504894066010600e-01  4.504910476905435e-01
-1.876000000000000e-02 4.504895955298401e-01  4.504908581763034e-01
-1.876000000000000e-02 4.504897409612616e-01  4.504907124354764e-01


-1.876000000000000e-02 4.351814215428804e-01  4.833326878028573e-01
-1.876000000000000e-02 4.334642366737487e-01  4.718976384102977e-01
-1.876000000000000e-02 4.352286060432813e-01  4.659962237758861e-01
-1.876000000000000e-02 4.377859441520933e-01  4.623957719273338e-01
-1.876000000000000e-02 4.402367134219394e-01  4.598869915372514e-01
-1.876000000000000e-02 4.423238781225898e-01  4.579740058588019e-01
-1.876000000000000e-02 4.440276871706830e-01  4.564861131235285e-01
-1.876000000000000e-02 4.453892215115328e-01  4.552947591297357e-01
-1.876000000000000e-02 4.464608042881199e-01  4.543180021248270e-01
-1.876000000000000e-02 4.473085942044576e-01  4.535564459189339e-01
-1.876000000000000e-02 4.479835887875206e-01  4.529451502240407e-01
-1.876000000000000e-02 4.485141932706517e-01  4.524532066464670e-01
-1.876000000000000e-02 4.489322064375322e-01  4.520583632057783e-01
-1.876000000000000e-02 4.492620409714647e-01  4.517423022741878e-01
-1.876000000000000e-02 4.495228955018450e-01  4.514894627858827e-01
-1.876000000000000e-02 4.497300248263810e-01  4.512860045596044e-01
-1.876000000000000e-02 4.498946665482484e-01  4.511206025689429e-01
-1.876000000000000e-02 4.500249980666005e-01  4.509857634209788e-01
-1.876000000000000e-02 4.501276394479030e-01  4.508767118944535e-01
-1.876000000000000e-02 4.502081631146668e-01  4.507897285400337e-01
-1.876000000000000e-02 4.502711697241314e-01  4.507212827574947e-01
-1.876000000000000e-02 4.503203665756078e-01  4.506679915189737e-01
-1.876000000000000e-02 4.503587030872948e-01  4.506267952605287e-01
-1.876000000000000e-02 4.503885161054679e-01  4.505950843952091e-01
-1.876000000000000e-02 4.504116557365191e-01  4.505707290207310e-01
-1.876000000000000e-02 4.504295847421786e-01  4.505520405712684e-01
-1.876000000000000e-02 4.504434557702036e-01  4.505377031501477e-01
-1.876000000000000e-02 4.504541742094338e-01  4.505267017572966e-01
-1.876000000000000e-02 4.504624484586922e-01  4.505182572735855e-01
-1.876000000000000e-02 4.504688309946798e-01  4.505117729914823e-01
-1.876000000000000e-02 4.504737512076259e-01  4.505067919254300e-01
-1.876000000000000e-02 4.504775425064999e-01  4.505029644910641e-01
-1.876000000000000e-02 4.504804630642239e-01  4.505000228972662e-01
-1.876000000000000e-02 4.504827118072605e-01  4.504977611753798e-01
-1.876000000000000e-02 4.504844430948641e-01  4.504960220627632e-01
-1.876000000000000e-02 4.504857758969897e-01  4.504946847237856e-01
-1.876000000000000e-02 4.504868016350100e-01  4.504936560541525e-01
-1.876000000000000e-02 4.504875910845632e-01  4.504928648461923e-01
-1.876000000000000e-02 4.504881986968721e-01  4.504922563050786e-01
-1.876000000000000e-02 4.504886664084530e-01  4.504917883141001e-01
-1.876000000000000e-02 4.504890263348950e-01  4.504914283138196e-01
-1.876000000000000e-02 4.504893031129458e-01  4.504911511829575e-01
-1.876000000000000e-02 4.504895159100726e-01  4.504909378075738e-01
-1.876000000000000e-02 4.504896797202705e-01  4.504907737204228e-01
-1.876000000000000e-02 4.504898057585565e-01  4.504906474766496e-01
-1.876000000000000e-02 4.504899028545796e-01  4.504905504687531e-01
-1.876000000000000e-02 4.504899776541117e-01  4.504904759252446e-01
-1.876000000000000e-02 4.504900351537363e-01  4.504904185214648e-01


-1.876000000000000e-02 4.759222405189232e-01  4.833323952136128e-01
-1.876000000000000e-02 4.579832413957565e-01  4.636654452315006e-01
-1.876000000000000e-02 4.519789485740542e-01  4.564296040401037e-01
-1.876000000000000e-02 4.500822117581511e-01  4.535972822431805e-01
-1.876000000000000e-02 4.495968101523025e-01  4.523809394591370e-01
-1.876000000000000e-02 4.495788805877403e-01  4.517858150996196e-01
-1.876000000000000e-02 4.496979893432920e-01  4.514460175586550e-01
-1.876000000000000e-02 4.498414246399680e-01  4.512217441586091e-01
-1.876000000000000e-02 4.499728997416330e-01  4.510575360064287e-01
-1.876000000000000e-02 4.500830533060278e-01  4.509307818712440e-01
-1.876000000000000e-02 4.501719104561469e-01  4.508313510555315e-01
-1.876000000000000e-02 4.502423486820457e-01  4.507534522319275e-01
-1.876000000000000e-02 4.502977040147441e-01  4.506928101015843e-01
-1.876000000000000e-02 4.503409911125780e-01  4.506458917311326e-01
-1.876000000000000e-02 4.503747270711514e-01  4.506097498467942e-01
-1.876000000000000e-02 4.504009505131000e-01  4.505819805001757e-01
-1.876000000000000e-02 4.504212906432694e-01  4.505606699792070e-01
-1.876000000000000e-02 4.504370402721259e-01  4.505443226067964e-01
-1.876000000000000e-02 4.504492179122276e-01  4.505317810494625e-01
-1.876000000000000e-02 4.504586230198839e-01  4.505221562058111e-01
-1.876000000000000e-02 4.504658806124436e-01  4.505147671016049e-01
-1.876000000000000e-02 4.504714770991828e-01  4.505090921240937e-01
-1.876000000000000e-02 4.504757904205093e-01  4.505047321479814e-01
-1.876000000000000e-02 4.504791134431979e-01  4.505013814820719e-01
-1.876000000000000e-02 4.504816728979387e-01  4.504988060087117e-01
-1.876000000000000e-02 4.504836433006323e-01  4.504968255169506e-01
-1.876000000000000e-02 4.504851601958685e-01  4.504953025676791e-01
-1.876000000000000e-02 4.504863277277428e-01  4.504941312365640e-01
-1.876000000000000e-02 4.504872267212135e-01  4.504932307094748e-01
-1.876000000000000e-02 4.504879181094770e-01  4.504925375526980e-01
-1.876000000000000e-02 4.504884503339787e-01  4.504920045121213e-01
-1.876000000000000e-02 4.504888600967875e-01  4.504915946647208e-01
-1.876000000000000e-02 4.504891753346578e-01  4.504912792982670e-01
-1.876000000000000e-02 4.504894178078280e-01  4.504910365870980e-01
-1.876000000000000e-02 4.504896041263648e-01  4.504908496069622e-01
-1.876000000000000e-02 4.504897475679265e-01  4.504907058348770e-01
-1.876000000000000e-02 4.504898580641603e-01  4.504905953497787e-01
-1.876000000000000e-02 4.504899431697117e-01  4.504905104341561e-01
-1.876000000000000e-02 4.504900086253295e-01  4.504904450754309e-01
-1.876000000000000e-02 4.504900589745023e-01  4.504903947772965e-01
-1.876000000000000e-02 4.504900977886459e-01  4.504903561539974e-01
-1.876000000000000e-02 4.504901276833218e-01  4.504903264679630e-01
-1.876000000000000e-02 4.504901506544727e-01  4.504903035987960e-01
-1.876000000000000e-02 4.504901683295955e-01  4.504902860046557e-01
-1.876000000000000e-02 4.504901819214400e-01  4.504902724600239e-01
-1.876000000000000e-02 4.504901923603344e-01  4.504902620205100e-01
-1.876000000000000e-02 4.504902003901466e-01  4.504902539858729e-01
-1.876000000000000e-02 4.504902065802795e-01  4.504902478171867e-01


-1.876000000000000e-02 5.166579556336719e-01  4.833280945393495e-01
-1.876000000000000e-02 4.803215893483419e-01  4.551253078848099e-01
-1.876000000000000e-02 4.662287124950064e-01  4.465598533871665e-01
-1.876000000000000e-02 4.602119725188115e-01  4.446800345619883e-01
-1.876000000000000e-02 4.572566603492159e-01  4.449316410552741e-01
-1.876000000000000e-02 4.555420827051875e-01  4.457547636793549e-01
-1.876000000000000e-02 4.543813860987149e-01  4.466205989787077e-01
-1.876000000000000e-02 4.535594080194453e-01  4.473899322332108e-01
-1.876000000000000e-02 4.529297213732822e-01  4.480307405655655e-01
-1.876000000000000e-02 4.524343778254064e-01  4.485451944606715e-01
-1.876000000000000e-02 4.520409498881098e-01  4.489544180624374e-01
-1.876000000000000e-02 4.517275387592127e-01  4.492787691732609e-01
-1.876000000000000e-02 4.514773233621120e-01  4.495358543029778e-01
-1.876000000000000e-02 4.512760656079434e-01  4.497402221006846e-01
-1.876000000000000e-02 4.511124537204982e-01  4.499027185980368e-01
-1.876000000000000e-02 4.509791231930106e-01  4.500313390605029e-01
-1.876000000000000e-02 4.508713750072729e-01  4.501326163321924e-01
-1.876000000000000e-02 4.507855029165583e-01  4.502120596382535e-01
-1.876000000000000e-02 4.507179781900341e-01  4.502742143260794e-01
-1.876000000000000e-02 4.506654298519554e-01  4.503227410187325e-01
-1.876000000000000e-02 4.506248203217735e-01  4.503605511983543e-01
-1.876000000000000e-02 4.505935663374421e-01  4.503899516503924e-01
-1.876000000000000e-02 4.505695639180539e-01  4.504127688947958e-01
-1.876000000000000e-02 4.505511466621648e-01  4.504304464272522e-01
-1.876000000000000e-02 4.505370172999610e-01  4.504441219336831e-01
-1.876000000000000e-02 4.505261755419237e-01  4.504546888157245e-01
-1.876000000000000e-02 4.505178532817084e-01  4.504628455414684e-01
-1.876000000000000e-02 4.505114626975019e-01  4.504691371683001e-01
-1.876000000000000e-02 4.505065535432790e-01  4.504739871895148e-01
-1.876000000000000e-02 4.505027813162022e-01  4.504777243300411e-01
-1.876000000000000e-02 4.504998819595055e-01  4.504806029677892e-01
-1.876000000000000e-02 4.504976528376328e-01  4.504828195532111e-01
-1.876000000000000e-02 4.504959387547566e-01  4.504845260433489e-01
-1.876000000000000e-02 4.504946206508930e-01  4.504858397409923e-01
-1.876000000000000e-02 4.504936067850394e-01  4.504868507851685e-01
-1.876000000000000e-02 4.504928269471266e-01  4.504876289086742e-01
-1.876000000000000e-02 4.504922271863570e-01  4.504882278388316e-01
-1.876000000000000e-02 4.504917659683437e-01  4.504886888887130e-01
-1.876000000000000e-02 4.504914110881599e-01  4.504890435978743e-01
-1.876000000000000e-02 4.504911379180707e-01  4.504893163828143e-01
-1.876000000000000e-02 4.504909276254260e-01  4.504895261445657e-01
-1.876000000000000e-02 4.504907658700568e-01  4.504896875780980e-01
-1.876000000000000e-02 4.504906414272344e-01  4.504898117948702e-01
-1.876000000000000e-02 4.504905458125702e-01  4.504899074978140e-01
-1.876000000000000e-02 4.504904723463926e-01  4.504899812308650e-01
-1.876000000000000e-02 4.504904157692132e-01  4.504900379060252e-01
-1.876000000000000e-02 4.504903722701403e-01  4.504900815451875e-01
-1.876000000000000e-02 4.504903388580040e-01  4.504901151746066e-01


-1.876000000000000e-02 3.537002101361355e-01  5.240709830231061e-01
-1.876000000000000e-02 3.553067342319496e-01  5.216447984450365e-01
-1.876000000000000e-02 3.577328434415195e-01  5.190288063665760e-01
-1.876000000000000e-02 3.610215811446233e-01  5.159566157734675e-01
-1.876000000000000e-02 3.652660435766303e-01  5.122679518247181e-01
-1.876000000000000e-02 3.705531775259108e-01  5.078979580975288e-01
-1.876000000000000e-02 3.769042415751722e-01  5.028951285145524e-01
-1.876000000000000e-02 3.842129521401175e-01  4.974419506337796e-01
-1.876000000000000e-02 3.922074375414801e-01  4.917999225899067e-01
-1.876000000000000e-02 4.004676818698130e-01  4.862478198990478e-01
-1.876000000000000e-02 4.085223506082580e-01  4.810009634830557e-01
-1.876000000000000e-02 4.159635173907902e-01  4.762180182109741e-01
-1.876000000000000e-02 4.225234967317020e-01  4.719674206355876e-01
-1.876000000000000e-02 4.280923105093137e-01  4.682627664439920e-01
-1.876000000000000e-02 4.326893238531361e-01  4.650897675345370e-01
-1.876000000000000e-02 4.364104371439922e-01  4.624121105552111e-01
-1.876000000000000e-02 4.393786123747669e-01  4.601741124303610e-01
-1.876000000000000e-02 4.417356247894819e-01  4.583175370211865e-01
-1.876000000000000e-02 4.435919285721948e-01  4.568000855355835e-01
-1.876000000000000e-02 4.450565960856903e-01  4.555627011038660e-01
-1.876000000000000e-02 4.462097105718532e-01  4.545457100665599e-01
-1.876000000000000e-02 4.471040863343572e-01  4.537345634693514e-01
-1.876000000000000e-02 4.478238615200875e-01  4.530897910656448e-01
-1.876000000000000e-02 4.483888292464201e-01  4.525698204022497e-01
-1.876000000000000e-02 4.488334990732484e-01  4.521519856846930e-01
-1.876000000000000e-02 4.491841478421715e-01  4.518172212137549e-01
-1.876000000000000e-02 4.494612237955923e-01  4.515494743016058e-01
-1.876000000000000e-02 4.496809929767627e-01  4.513344941906243e-01
-1.876000000000000e-02 4.498557353342208e-01  4.511601369282899e-01
-1.876000000000000e-02 4.499942454676926e-01  4.510179460522828e-01
-1.876000000000000e-02 4.501034630091187e-01  4.509026102578749e-01
-1.876000000000000e-02 4.501892185800863e-01  4.508102706881753e-01
-1.876000000000000e-02 4.502563592550396e-01  4.507373717137362e-01
-1.876000000000000e-02 4.503088115781643e-01  4.506804770082600e-01
-1.876000000000000e-02 4.503497058589171e-01  4.506364269478685e-01
-1.876000000000000e-02 4.503815246786953e-01  4.506024899625293e-01
-1.876000000000000e-02 4.504062334361777e-01  4.505764141283538e-01
-1.876000000000000e-02 4.504253859019827e-01  4.505564020337413e-01
-1.876000000000000e-02 4.504402088755942e-01  4.505410492017233e-01
-1.876000000000000e-02 4.504516663873953e-01  4.505292696284210e-01
-1.876000000000000e-02 4.504605131485127e-01  4.505202286174925e-01
-1.876000000000000e-02 4.504673385199945e-01  4.505132869407418e-01
-1.876000000000000e-02 4.504726009390141e-01  4.505079550896930e-01
-1.876000000000000e-02 4.504766563823943e-01  4.505038584498358e-01
-1.876000000000000e-02 4.504797804360589e-01  4.505007099190947e-01
-1.876000000000000e-02 4.504821863217416e-01  4.504982895204621e-01
-1.876000000000000e-02 4.504840386240591e-01  4.504964284168341e-01
-1.876000000000000e-02 4.504854645333892e-01  4.504949972114070e-01


-1.876000000000000e-02 3.944405848176513e-01  5.240718045600447e-01
-1.876000000000000e-02 3.924334551779213e-01  5.055603910896306e-01
-1.876000000000000e-02 3.964170652386072e-01  4.944756540440264e-01
-1.876000000000000e-02 4.029625790302497e-01  4.867617545373524e-01
-1.876000000000000e-02 4.102427873742287e-01  4.807147609795808e-01
-1.876000000000000e-02 4.172768129274599e-01  4.756852017639023e-01
-1.876000000000000e-02 4.235692679657639e-01  4.713955600950206e-01
-1.876000000000000e-02 4.289348726883448e-01  4.677305110069717e-01
-1.876000000000000e-02 4.333663197904038e-01  4.646225083224123e-01
-1.876000000000000e-02 4.369501948974698e-01  4.620143405100771e-01
-1.876000000000000e-02 4.398106516674056e-01  4.598445876540199e-01
-1.876000000000000e-02 4.420755892134337e-01  4.580405471681419e-01
-1.876000000000000e-02 4.438626081816971e-01  4.565746926171707e-01
-1.876000000000000e-02 4.452700292608194e-01  4.553792668595800e-01
-1.876000000000000e-02 4.463737574033608e-01  4.543925041046953e-01
-1.876000000000000e-02 4.472386654781129e-01  4.536161234095795e-01
-1.876000000000000e-02 4.479292876215961e-01  4.529939159918445e-01
-1.876000000000000e-02 4.484716774976046e-01  4.524926330425843e-01
-1.876000000000000e-02 4.488987673489293e-01  4.520900512862620e-01
-1.876000000000000e-02 4.492356635761741e-01  4.517676718172219e-01
-1.876000000000000e-02 4.495020091291048e-01  4.515097988997395e-01
-1.876000000000000e-02 4.497134183986300e-01  4.513024545789615e-01
-1.876000000000000e-02 4.498814864922537e-01  4.511340195030377e-01
-1.876000000000000e-02 4.500145919375634e-01  4.509966790053960e-01
-1.876000000000000e-02 4.501194614666191e-01  4.508854854873041e-01
-1.876000000000000e-02 4.502017563467963e-01  4.507966792689900e-01
-1.876000000000000e-02 4.502661618852905e-01  4.507267215217756e-01
-1.876000000000000e-02 4.503164601051495e-01  4.506722093980287e-01
-1.876000000000000e-02 4.503556618221550e-01  4.506300477763845e-01
-1.876000000000000e-02 4.503861531938400e-01  4.505975846260176e-01
-1.876000000000000e-02 4.504098234363034e-01  4.505726482475371e-01
-1.876000000000000e-02 4.504281660749289e-01  4.505535129422621e-01
-1.876000000000000e-02 4.504423588096881e-01  4.505388327038881e-01
-1.876000000000000e-02 4.504533270263825e-01  4.505275686493537e-01
-1.876000000000000e-02 4.504617947388388e-01  4.505189228201485e-01
-1.876000000000000e-02 4.504683269013112e-01  4.505122841498229e-01
-1.876000000000000e-02 4.504733626933644e-01  4.505071846398295e-01
-1.876000000000000e-02 4.504772433698704e-01  4.505032664736197e-01
-1.876000000000000e-02 4.504802325597966e-01  4.505002549104099e-01
-1.876000000000000e-02 4.504825343695704e-01  4.504979396062649e-01
-1.876000000000000e-02 4.504843066131116e-01  4.504961593879518e-01
-1.876000000000000e-02 4.504856708067533e-01  4.504947903014985e-01
-1.876000000000000e-02 4.504867207555901e-01  4.504937372632926e-01
-1.876000000000000e-02 4.504875288941343e-01  4.504929273661672e-01
-1.876000000000000e-02 4.504881508969727e-01  4.504923044576723e-01
-1.876000000000000e-02 4.504886295210766e-01  4.504918252513933e-01
-1.876000000000000e-02 4.504889979483968e-01  4.504914567283472e-01
-1.876000000000000e-02 4.504892812732049e-01  4.504911730465871e-01


-1.876000000000000e-02 4.351814673977789e-01  5.240726780724129e-01
-1.876000000000000e-02 4.229271305537198e-01  4.944329675442942e-01
-1.876000000000000e-02 4.223887524171351e-01  4.805638678598199e-01
-1.876000000000000e-02 4.257451146274948e-01  4.730220707698881e-01
-1.876000000000000e-02 4.299520748857901e-01  4.681801539442254e-01
-1.876000000000000e-02 4.339078779373692e-01  4.646620426744121e-01
-1.876000000000000e-02 4.372807779254398e-01  4.619254629626363e-01
-1.876000000000000e-02 4.400363828370578e-01  4.597281769324481e-01
-1.876000000000000e-02 4.422390207300790e-01  4.579265166770363e-01
-1.876000000000000e-02 4.439874355356677e-01  4.564769047240973e-01
-1.876000000000000e-02 4.453671889868704e-01  4.552979457539564e-01
-1.876000000000000e-02 4.464473603549115e-01  4.543245762391697e-01
-1.876000000000000e-02 4.472989569786815e-01  4.535629076419387e-01
-1.876000000000000e-02 4.479764966640163e-01  4.529508657854917e-01
-1.876000000000000e-02 4.485087848371831e-01  4.524579827079147e-01
-1.876000000000000e-02 4.489280055102040e-01  4.520622572256841e-01
-1.876000000000000e-02 4.492587463094712e-01  4.517454397569592e-01
-1.876000000000000e-02 4.495202933131962e-01  4.514919856350782e-01
-1.876000000000000e-02 4.497279583883833e-01  4.512880489681834e-01
-1.876000000000000e-02 4.498930277108313e-01  4.511222712337054e-01
-1.876000000000000e-02 4.500237047629650e-01  4.509871209104161e-01
-1.876000000000000e-02 4.501266233419161e-01  4.508778025178163e-01
-1.876000000000000e-02 4.502073672022098e-01  4.507905921443626e-01
-1.876000000000000e-02 4.502705476908653e-01  4.507219582623667e-01
-1.876000000000000e-02 4.503198814414593e-01  4.506685152985583e-01
-1.876000000000000e-02 4.503583253873485e-01  4.506271990511137e-01
-1.876000000000000e-02 4.503882226740861e-01  4.505953947652553e-01
-1.876000000000000e-02 4.504114282041464e-01  4.505709672496997e-01
-1.876000000000000e-02 4.504294086128374e-01  4.505522233603694e-01
-1.876000000000000e-02 4.504433195769113e-01  4.505378433702785e-01
-1.876000000000000e-02 4.504540690073513e-01  4.505268093493234e-01
-1.876000000000000e-02 4.504623672731783e-01  4.505183398672775e-01
-1.876000000000000e-02 4.504687683976094e-01  4.505118364311203e-01
-1.876000000000000e-02 4.504737029663639e-01  4.505068406690289e-01
-1.876000000000000e-02 4.504775053411851e-01  4.505030019512934e-01
-1.876000000000000e-02 4.504804344559795e-01  4.505000517077462e-01
-1.876000000000000e-02 4.504826897834875e-01  4.504977833307107e-01
-1.876000000000000e-02 4.504844261457556e-01  4.504960391056146e-01
-1.876000000000000e-02 4.504857628479555e-01  4.504946978283987e-01
-1.876000000000000e-02 4.504867915866941e-01  4.504936661284844e-01
-1.876000000000000e-02 4.504875833564767e-01  4.504928726004779e-01
-1.876000000000000e-02 4.504881927423884e-01  4.504922622636442e-01
-1.876000000000000e-02 4.504886618201759e-01  4.504917928913320e-01
-1.876000000000000e-02 4.504890228068719e-01  4.504914318382952e-01
-1.876000000000000e-02 4.504893004007977e-01  4.504911538967151e-01
-1.876000000000000e-02 4.504895138238255e-01  4.504909398952208e-01
-1.876000000000000e-02 4.504896781145196e-01  4.504907753272042e-01
-1.876000000000000e-02 4.504898045244680e-01  4.504906487140780e-01


-1.876000000000000e-02 4.759184452346460e-01  5.240682972116567e-01
-1.876000000000000e-02 4.490994211290148e-01  4.857607646402851e-01
-1.876000000000000e-02 4.416248806394367e-01  4.703856542553188e-01
-1.876000000000000e-02 4.407031780492195e-01  4.635108747204519e-01
-1.876000000000000e-02 4.417648978798178e-01  4.599126776289156e-01
-1.876000000000000e-02 4.432341817769813e-01  4.576750439562596e-01
-1.876000000000000e-02 4.446431219498109e-01  4.561299858778461e-01
-1.876000000000000e-02 4.458388660766402e-01  4.549625829342054e-01
-1.876000000000000e-02 4.467912899580379e-01  4.540379527267536e-01
-1.876000000000000e-02 4.475710450250847e-01  4.533286303756152e-01
-1.876000000000000e-02 4.481879802781015e-01  4.527597811652086e-01
-1.876000000000000e-02 4.486744893809456e-01  4.523036343075091e-01
-1.876000000000000e-02 4.490583931058531e-01  4.519382986050596e-01
-1.876000000000000e-02 4.493616556567869e-01  4.516462176066103e-01
-1.876000000000000e-02 4.496018643240848e-01  4.514123373546067e-01
-1.876000000000000e-02 4.497928210364460e-01  4.512234640737162e-01
-1.876000000000000e-02 4.499444541235811e-01  4.510695745334098e-01
-1.876000000000000e-02 4.500642622268784e-01  4.509443371657432e-01
-1.876000000000000e-02 4.501584717800366e-01  4.508435208636426e-01
-1.876000000000000e-02 4.502323045839454e-01  4.507635114628489e-01
-1.876000000000000e-02 4.502900315250344e-01  4.507008147557715e-01
-1.876000000000000e-02 4.503350736392482e-01  4.506521416722993e-01
-1.876000000000000e-02 4.503701472146210e-01  4.506145830751238e-01
-1.876000000000000e-02 4.503974035257061e-01  4.505857005615035e-01
-1.876000000000000e-02 4.504185453245015e-01  4.505635275410770e-01
-1.876000000000000e-02 4.504349171666181e-01  4.505465157888769e-01
-1.876000000000000e-02 4.504475776462871e-01  4.505334642595549e-01
-1.876000000000000e-02 4.504573570472999e-01  4.505234484790827e-01
-1.876000000000000e-02 4.504649042686277e-01  4.505157596031726e-01
-1.876000000000000e-02 4.504707243571579e-01  4.505098544515158e-01
-1.876000000000000e-02 4.504752103089477e-01  4.505053178389953e-01
-1.876000000000000e-02 4.504786665732504e-01  4.505018316273367e-01
-1.876000000000000e-02 4.504813287678889e-01  4.504991520604968e-01
-1.876000000000000e-02 4.504833783359348e-01  4.504970915866890e-01
-1.876000000000000e-02 4.504849562240574e-01  4.504955071752633e-01
-1.876000000000000e-02 4.504861709000469e-01  4.504942887705277e-01
-1.876000000000000e-02 4.504871057400893e-01  4.504933515988981e-01
-1.876000000000000e-02 4.504878250626999e-01  4.504926305995011e-01
-1.876000000000000e-02 4.504883787324295e-01  4.504920760902957e-01
-1.876000000000000e-02 4.504888049982387e-01  4.504916497279163e-01
-1.876000000000000e-02 4.504891328950997e-01  4.504913216167520e-01
-1.876000000000000e-02 4.504893850821150e-01  4.504910690747250e-01
-1.876000000000000e-02 4.504895790085945e-01  4.504908746633640e-01
-1.876000000000000e-02 4.504897282601834e-01  4.504907251309731e-01
-1.876000000000000e-02 4.504898431607925e-01  4.504906101480924e-01
-1.876000000000000e-02 4.504899316729540e-01  4.504905217885901e-01
-1.876000000000000e-02 4.504899998071547e-01  4.504904538400315e-01
-1.876000000000000e-02 4.504900521945722e-01  4.504904015246570e-01


-1.876000000000000e-02 5.166573909298182e-01  5.240675040977951e-01
-1.876000000000000e-02 4.727520749141199e-01  4.782143634141153e-01
-1.876000000000000e-02 4.572795850143268e-01  4.614835901111027e-01
-1.876000000000000e-02 4.520482317184759e-01  4.553459190158655e-01
-1.876000000000000e-02 4.503584162974528e-01  4.529636299931095e-01
-1.876000000000000e-02 4.498951389564048e-01  4.519579472134627e-01
-1.876000000000000e-02 4.498446549269944e-01  4.514768430952135e-01
-1.876000000000000e-02 4.499199639796589e-01  4.512069498765487e-01
-1.876000000000000e-02 4.500213210566122e-01  4.510309688488887e-01
-1.876000000000000e-02 4.501162237479482e-01  4.509041580813901e-01
-1.876000000000000e-02 4.501961374787822e-01  4.508083339347854e-01
-1.876000000000000e-02 4.502606534869531e-01  4.507347297445457e-01
-1.876000000000000e-02 4.503117582467965e-01  4.506780240393334e-01
-1.876000000000000e-02 4.503518544871318e-01  4.506343898960060e-01
-1.876000000000000e-02 4.503831416660839e-01  4.506008713984780e-01
-1.876000000000000e-02 4.504074684167269e-01  4.505751525038591e-01
-1.876000000000000e-02 4.504263354047320e-01  4.505554272793140e-01
-1.876000000000000e-02 4.504409406948659e-01  4.505402989261979e-01
-1.876000000000000e-02 4.504522307647881e-01  4.505286929538280e-01
-1.876000000000000e-02 4.504609484152342e-01  4.505197856233178e-01
-1.876000000000000e-02 4.504676741060817e-01  4.505129466398429e-01
-1.876000000000000e-02 4.504728595081968e-01  4.505076935637186e-01
-1.876000000000000e-02 4.504768557556612e-01  4.505036576318963e-01
-1.876000000000000e-02 4.504799339398322e-01  4.505005555012608e-01
-1.876000000000000e-02 4.504823044430107e-01  4.504981707227575e-01
-1.876000000000000e-02 4.504841295995049e-01  4.504963371057907e-01
-1.876000000000000e-02 4.504855345560623e-01  4.504949269826419e-01
-1.876000000000000e-02 4.504866160242580e-01  4.504938425247086e-01
-1.876000000000000e-02 4.504874482563865e-01  4.504930082960200e-01
-1.876000000000000e-02 4.504880888099864e-01  4.504923666803905e-01
-1.876000000000000e-02 4.504885817146625e-01  4.504918730889791e-01
-1.876000000000000e-02 4.504889611708528e-01  4.504914935379707e-01
-1.876000000000000e-02 4.504892529783165e-01  4.504912013690234e-01
-1.876000000000000e-02 4.504894773757723e-01  4.504909764585110e-01
-1.876000000000000e-02 4.504896500584754e-01  4.504908034456901e-01
-1.876000000000000e-02 4.504897829341924e-01  4.504906703439147e-01
-1.876000000000000e-02 4.504898852875602e-01  4.504905680564887e-01
-1.876000000000000e-02 4.504899641221354e-01  4.504904894410741e-01
-1.876000000000000e-02 4.504900247427196e-01  4.504904289210292e-01
-1.876000000000000e-02 4.504900713998012e-01  4.504903823721119e-01
-1.876000000000000e-02 4.504901073621568e-01  4.504903466227489e-01
-1.876000000000000e-02 4.504901350442385e-01  4.504903191309144e-01
-1.876000000000000e-02 4.504901563195493e-01  4.504902979542841e-01
-1.876000000000000e-02 4.504901726874772e-01  4.504902816607852e-01
-1.876000000000000e-02 4.504901852703347e-01  4.504902691135903e-01
-1.876000000000000e-02 4.504901949273724e-01  4.504902594367693e-01
-1.876000000000000e-02 4.504902023625730e-01  4.504902519956420e-01
-1.876000000000000e-02 4.504902081021290e-01  4.504902462884350e-01


-1.876000000000000e-02 3.944403818624108e-01  5.648109627697353e-01
-1.876000000000000e-02 3.814260122909382e-01  5.345154697594600e-01
-1.876000000000000e-02 3.782433347210031e-01  5.173888334978386e-01
-1.876000000000000e-02 3.807102466165659e-01  5.066076343651685e-01
-1.876000000000000e-02 3.863100675683153e-01  4.986348722630953e-01
-1.876000000000000e-02 3.935694642618876e-01  4.919455026596664e-01
-1.876000000000000e-02 4.014994106596127e-01  4.859882872035856e-01
-1.876000000000000e-02 4.093750091842365e-01  4.806107916868519e-01
-1.876000000000000e-02 4.166859116821520e-01  4.758151590262231e-01
-1.876000000000000e-02 4.231294334612198e-01  4.715913652652831e-01
-1.876000000000000e-02 4.285920181335726e-01  4.679302573443804e-01
-1.876000000000000e-02 4.330950015856307e-01  4.648038372707377e-01
-1.876000000000000e-02 4.367355407742811e-01  4.621705956208111e-01
-1.876000000000000e-02 4.396399710506551e-01  4.599749027098761e-01
-1.876000000000000e-02 4.419416391756412e-01  4.581503608011211e-01
-1.876000000000000e-02 4.437561790756621e-01  4.566639921710234e-01
-1.876000000000000e-02 4.451859126682490e-01  4.554518346631936e-01
-1.876000000000000e-02 4.463092842164557e-01  4.544529200100560e-01
-1.876000000000000e-02 4.471856392524473e-01  4.536629805523061e-01
-1.876000000000000e-02 4.478877298626344e-01  4.530318029664507e-01
-1.876000000000000e-02 4.484390054063394e-01  4.525231203211275e-01
-1.876000000000000e-02 4.488730223370558e-01  4.521145065264841e-01
-1.876000000000000e-02 4.492153399051007e-01  4.517872335623115e-01
-1.876000000000000e-02 4.494859146228704e-01  4.515254655281071e-01
-1.876000000000000e-02 4.497006211323185e-01  4.513151133236245e-01
-1.876000000000000e-02 4.498713253573560e-01  4.511443404204470e-01
-1.876000000000000e-02 4.500065658028797e-01  4.510050806694683e-01
-1.876000000000000e-02 4.501131518310225e-01  4.508922458774648e-01
-1.876000000000000e-02 4.501968121646286e-01  4.508020408176547e-01
-1.876000000000000e-02 4.502622966590132e-01  4.507309203710204e-01
-1.876000000000000e-02 4.503134449377615e-01  4.506754680162823e-01
-1.876000000000000e-02 4.503533142009791e-01  4.506325615594288e-01
-1.876000000000000e-02 4.503843289644779e-01  4.505995173690418e-01
-1.876000000000000e-02 4.504084085097302e-01  4.505741318251513e-01
-1.876000000000000e-02 4.504270703632141e-01  4.505546510448986e-01
-1.876000000000000e-02 4.504415115277687e-01  4.505397058451469e-01
-1.876000000000000e-02 4.504526725948703e-01  4.505282387118796e-01
-1.876000000000000e-02 4.504612897297535e-01  4.505194372445577e-01
-1.876000000000000e-02 4.504679374643197e-01  4.505126792320966e-01
-1.876000000000000e-02 4.504730625292432e-01  4.505074881589954e-01
-1.876000000000000e-02 4.504770121756084e-01  4.505034997868460e-01
-1.876000000000000e-02 4.504800544386558e-01  4.505004341967863e-01
-1.876000000000000e-02 4.504823972186716e-01  4.504980774493325e-01
-1.876000000000000e-02 4.504842012332886e-01  4.504962655920158e-01
-1.876000000000000e-02 4.504855896158120e-01  4.504948719029404e-01
-1.876000000000000e-02 4.504866582814686e-01  4.504938000420716e-01
-1.876000000000000e-02 4.504874808071426e-01  4.504929756479973e-01
-1.876000000000000e-02 4.504881138780139e-01  4.504923415851844e-01


-1.876000000000000e-02 4.351819448597854e-01  5.648124697828909e-01
-1.876000000000000e-02 4.129708959557868e-01  5.193530659649997e-01
-1.876000000000000e-02 4.083035088693491e-01  4.972164736116287e-01
-1.876000000000000e-02 4.111740250840673e-01  4.854501257634468e-01
-1.876000000000000e-02 4.166152091430444e-01  4.781244877199966e-01
-1.876000000000000e-02 4.224578886601870e-01  4.728868528995740e-01
-1.876000000000000e-02 4.278097047215705e-01  4.687845344698935e-01
-1.876000000000000e-02 4.323757213769737e-01  4.654361519703126e-01
-1.876000000000000e-02 4.361283717457249e-01  4.626679374105646e-01
-1.876000000000000e-02 4.391395181809681e-01  4.603702227856466e-01
-1.876000000000000e-02 4.415433052922964e-01  4.584778097226203e-01
-1.876000000000000e-02 4.434364205752123e-01  4.569286693854070e-01
-1.876000000000000e-02 4.449342349393965e-01  4.556674326061146e-01
-1.876000000000000e-02 4.461148527940955e-01  4.546333829368083e-01
-1.876000000000000e-02 4.470270617512936e-01  4.538018734206354e-01
-1.876000000000000e-02 4.477635156490161e-01  4.531443890980746e-01
-1.876000000000000e-02 4.483414455666160e-01  4.526138158256465e-01
-1.876000000000000e-02 4.487961855085358e-01  4.521873084927150e-01
-1.876000000000000e-02 4.491547064733621e-01  4.518454909192312e-01
-1.876000000000000e-02 4.494379285497613e-01  4.515720997156817e-01
-1.876000000000000e-02 4.496624796113865e-01  4.513527384520977e-01
-1.876000000000000e-02 4.498410254614224e-01  4.511750001384666e-01
-1.876000000000000e-02 4.499826148752502e-01  4.510300574939745e-01
-1.876000000000000e-02 4.500943129219803e-01  4.509123804152061e-01
-1.876000000000000e-02 4.501820451800936e-01  4.508180394232612e-01
-1.876000000000000e-02 4.502507489589360e-01  4.507434681216864e-01
-1.876000000000000e-02 4.503044327430765e-01  4.506852141833483e-01
-1.876000000000000e-02 4.503462952547478e-01  4.506400844907369e-01
-1.876000000000000e-02 4.503788735274105e-01  4.506053033909795e-01
-1.876000000000000e-02 4.504041763870524e-01  4.505785740775427e-01
-1.876000000000000e-02 4.504237927114215e-01  4.505580593057386e-01
-1.876000000000000e-02 4.504389769426730e-01  4.505423209314746e-01
-1.876000000000000e-02 4.504507145204740e-01  4.505302453587596e-01
-1.876000000000000e-02 4.504597784584733e-01  4.505209776094321e-01
-1.876000000000000e-02 4.504667718685967e-01  4.505138621020616e-01
-1.876000000000000e-02 4.504721641191469e-01  4.505083969014721e-01
-1.876000000000000e-02 4.504763198179722e-01  4.505041979585682e-01
-1.876000000000000e-02 4.504795212053074e-01  4.505009708817819e-01
-1.876000000000000e-02 4.504819868465643e-01  4.504984902914655e-01
-1.876000000000000e-02 4.504838850137859e-01  4.504965827599578e-01
-1.876000000000000e-02 4.504853462709339e-01  4.504951158883464e-01
-1.876000000000000e-02 4.504864712095100e-01  4.504939879215761e-01
-1.876000000000000e-02 4.504873367604402e-01  4.504931200886084e-01
-1.876000000000000e-02 4.504880029191382e-01  4.504924525859562e-01
-1.876000000000000e-02 4.504885156241897e-01  4.504919391775458e-01
-1.876000000000000e-02 4.504889103365448e-01  4.504915444026472e-01
-1.876000000000000e-02 4.504892139083747e-01  4.504912405452128e-01
-1.876000000000000e-02 4.504894473645941e-01  4.504910066497642e-01


-1.876000000000000e-02 4.759180366596320e-01  5.648085245911320e-01
-1.876000000000000e-02 4.404246815874371e-01  5.087127039500108e-01
-1.876000000000000e-02 4.304112265066961e-01  4.846606462324156e-01
-1.876000000000000e-02 4.300165041975072e-01  4.736004624770819e-01
-1.876000000000000e-02 4.325899034082448e-01  4.676373700245406e-01
-1.876000000000000e-02 4.357230782020844e-01  4.638397408642483e-01
-1.876000000000000e-02 4.386105480538973e-01  4.610912026167944e-01
-1.876000000000000e-02 4.410513742730026e-01  4.589922343159426e-01
-1.876000000000000e-02 4.430141193189218e-01  4.573085634836044e-01
-1.876000000000000e-02 4.445945429777073e-01  4.559690398278489e-01
-1.876000000000000e-02 4.458462376455968e-01  4.548809228681988e-01
-1.876000000000000e-02 4.468131733232568e-01  4.539911645475859e-01
-1.876000000000000e-02 4.475946288003936e-01  4.532973577112063e-01
-1.876000000000000e-02 4.482087090448799e-01  4.527369366645423e-01
-1.876000000000000e-02 4.486916199075244e-01  4.522861345642326e-01
-1.876000000000000e-02 4.490722005448831e-01  4.519245913791102e-01
-1.876000000000000e-02 4.493726776863033e-01  4.516353673384935e-01
-1.876000000000000e-02 4.496106528073217e-01  4.514036577735644e-01
-1.876000000000000e-02 4.497998243824053e-01  4.512164271298251e-01
-1.876000000000000e-02 4.499500063817924e-01  4.510638390786620e-01
-1.876000000000000e-02 4.500686388622380e-01  4.509396936865681e-01
-1.876000000000000e-02 4.501619068528439e-01  4.508398120372851e-01
-1.876000000000000e-02 4.502349931174869e-01  4.507605897587560e-01
-1.876000000000000e-02 4.502921312328062e-01  4.506985381606984e-01
-1.876000000000000e-02 4.503367102162928e-01  4.506503809885065e-01
-1.876000000000000e-02 4.503714202247837e-01  4.506132274943612e-01
-1.876000000000000e-02 4.503983918181837e-01  4.505846593612137e-01
-1.876000000000000e-02 4.504193111737382e-01  4.505627285673075e-01
-1.876000000000000e-02 4.504355097302045e-01  4.505459028193648e-01
-1.876000000000000e-02 4.504480355144913e-01  4.505329938661045e-01
-1.876000000000000e-02 4.504577104947524e-01  4.505230873868521e-01
-1.876000000000000e-02 4.504651767408793e-01  4.505154821565224e-01
-1.876000000000000e-02 4.504709345070398e-01  4.505096414258585e-01
-1.876000000000000e-02 4.504753722894222e-01  4.505051541968740e-01
-1.876000000000000e-02 4.504787913546455e-01  4.505017058607745e-01
-1.876000000000000e-02 4.504814248270197e-01  4.504990553423352e-01
-1.876000000000000e-02 4.504834523172710e-01  4.504970172430541e-01
-1.876000000000000e-02 4.504850131801945e-01  4.504954500091915e-01
-1.876000000000000e-02 4.504862148040026e-01  4.504942448684930e-01
-1.876000000000000e-02 4.504871395649956e-01  4.504933178658613e-01
-1.876000000000000e-02 4.504878510682346e-01  4.504926046268943e-01
-1.876000000000000e-02 4.504883987158614e-01  4.504920560821335e-01
-1.876000000000000e-02 4.504888203693093e-01  4.504916343299806e-01
-1.876000000000000e-02 4.504891447429834e-01  4.504913097912996e-01
-1.876000000000000e-02 4.504893942129591e-01  4.504910599901994e-01
-1.876000000000000e-02 4.504895860227350e-01  4.504908676629117e-01
-1.876000000000000e-02 4.504897336519245e-01  4.504907197404224e-01
-1.876000000000000e-02 4.504898473192758e-01  4.504906060108365e-01


-1.876000000000000e-02 5.166584226785319e-01  5.648090076744740e-01
-1.876000000000000e-02 4.654800326012454e-01  5.008421571088663e-01
-1.876000000000000e-02 4.480334887492630e-01  4.752617399556152e-01
-1.876000000000000e-02 4.434599749478797e-01  4.648856836912991e-01
-1.876000000000000e-02 4.431201800537902e-01  4.601096248738119e-01
-1.876000000000000e-02 4.440122827031133e-01  4.575189032040680e-01
-1.876000000000000e-02 4.451449528308729e-01  4.558809970504198e-01
-1.876000000000000e-02 4.461921621271887e-01  4.547105045677108e-01
-1.876000000000000e-02 4.470555893596690e-01  4.538295286498745e-01
-1.876000000000000e-02 4.477741896647180e-01  4.531541605041919e-01
-1.876000000000000e-02 4.483455561759498e-01  4.526171489762171e-01
-1.876000000000000e-02 4.487978593854809e-01  4.521883470939688e-01
-1.876000000000000e-02 4.491554562897805e-01  4.518457310141489e-01
-1.876000000000000e-02 4.494383130290293e-01  4.515720772436714e-01
-1.876000000000000e-02 4.496627085930819e-01  4.513526413829715e-01
-1.876000000000000e-02 4.498411795444816e-01  4.511748918006869e-01
-1.876000000000000e-02 4.499827267306098e-01  4.510299585917582e-01
-1.876000000000000e-02 4.500943973894084e-01  4.509122968482506e-01
-1.876000000000000e-02 4.501821100792869e-01  4.508179715612990e-01
-1.876000000000000e-02 4.502507992396334e-01  4.507434143517071e-01
-1.876000000000000e-02 4.503044718163070e-01  4.506851722125487e-01
-1.876000000000000e-02 4.503463256291413e-01  4.506400520175918e-01
-1.876000000000000e-02 4.503788971167700e-01  4.506052783867928e-01
-1.876000000000000e-02 4.504041946847323e-01  4.505785548727952e-01
-1.876000000000000e-02 4.504238068808673e-01  4.505580445673488e-01
-1.876000000000000e-02 4.504389878927297e-01  4.505423096143357e-01
-1.876000000000000e-02 4.504507229761476e-01  4.505302366706533e-01
-1.876000000000000e-02 4.504597849843326e-01  4.505209709388582e-01
-1.876000000000000e-02 4.504667769053229e-01  4.505138569831069e-01
-1.876000000000000e-02 4.504721680016112e-01  4.505083929698767e-01
-1.876000000000000e-02 4.504763228102981e-01  4.505041949379888e-01
-1.876000000000000e-02 4.504795235106169e-01  4.505009685613410e-01
-1.876000000000000e-02 4.504819886222005e-01  4.504984885077257e-01
-1.876000000000000e-02 4.504838863822498e-01  4.504965813896758e-01
-1.876000000000000e-02 4.504853473231971e-01  4.504951148338820e-01
-1.876000000000000e-02 4.504864720190339e-01  4.504939871097208e-01
-1.876000000000000e-02 4.504873373828248e-01  4.504931194630492e-01
-1.876000000000000e-02 4.504880033980623e-01  4.504924521062619e-01
-1.876000000000000e-02 4.504885159921306e-01  4.504919388075589e-01
-1.876000000000000e-02 4.504889106201288e-01  4.504915441177585e-01
-1.876000000000000e-02 4.504892141257096e-01  4.504912403256855e-01
-1.876000000000000e-02 4.504894475307200e-01  4.504910064799313e-01
-1.876000000000000e-02 4.504896270661326e-01  4.504908265140650e-01
-1.876000000000000e-02 4.504897652460130e-01  4.504906880955283e-01
-1.876000000000000e-02 4.504898716889074e-01  4.504905817246696e-01
-1.876000000000000e-02 4.504899536647861e-01  4.504904999625792e-01
-1.876000000000000e-02 4.504900166962689e-01  4.504904370151626e-01
-1.876000000000000e-02 4.504900651883494e-01  4.504903885796459e-01


-1.876000000000000e-02 3.944406211105045e-01  6.055511859735725e-01
-1.876000000000000e-02 3.745648911540210e-01  5.689509744607323e-01
-1.876000000000000e-02 3.630009081237557e-01  5.474506499332671e-01
-1.876000000000000e-02 3.573717522598347e-01  5.356343622599813e-01
-1.876000000000000e-02 3.552884345445110e-01  5.289552069180516e-01
-1.876000000000000e-02 3.553088541192280e-01  5.246966847109292e-01
-1.876000000000000e-02 3.567202614504532e-01  5.213734682556248e-01
-1.876000000000000e-02 3.592334596737479e-01  5.181785925582211e-01
-1.876000000000000e-02 3.627808860082572e-01  5.146667531204469e-01
-1.876000000000000e-02 3.673907971682974e-01  5.106041814686738e-01
-1.876000000000000e-02 3.730960972001275e-01  5.059152087725869e-01
-1.876000000000000e-02 3.798552589280623e-01  5.006768464780830e-01
-1.876000000000000e-02 3.874857305841776e-01  4.951035962003179e-01
-1.876000000000000e-02 3.956440677256887e-01  4.894651099568234e-01
-1.876000000000000e-02 4.038744309752879e-01  4.840117416868173e-01
-1.876000000000000e-02 4.117173972752770e-01  4.789488902292097e-01
-1.876000000000000e-02 4.188140367254562e-01  4.743786070171133e-01
-1.876000000000000e-02 4.249659529145225e-01  4.703489070774963e-01
-1.876000000000000e-02 4.301215314355481e-01  4.668712620722855e-01
-1.876000000000000e-02 4.343370071590943e-01  4.639042240872810e-01
-1.876000000000000e-02 4.377337639869400e-01  4.614150755027813e-01
-1.876000000000000e-02 4.404368585294235e-01  4.593524989540818e-01
-1.876000000000000e-02 4.425642070329544e-01  4.576296374069341e-01
-1.876000000000000e-02 4.442510717425089e-01  4.562428469293759e-01
-1.876000000000000e-02 4.455787771178662e-01  4.551099754517157e-01
-1.876000000000000e-02 4.466092025443733e-01  4.541728301256781e-01
-1.876000000000000e-02 4.474315426836847e-01  4.534435407029981e-01
-1.876000000000000e-02 4.480807454776873e-01  4.528548173759295e-01
-1.876000000000000e-02 4.485909026246874e-01  4.523808625096077e-01
-1.876000000000000e-02 4.489927776130930e-01  4.520004780618820e-01
-1.876000000000000e-02 4.493099167896946e-01  4.516960505367424e-01
-1.876000000000000e-02 4.495608580459508e-01  4.514523895593847e-01
-1.876000000000000e-02 4.497602225777522e-01  4.512559826906333e-01
-1.876000000000000e-02 4.499186232902492e-01  4.510961124523149e-01
-1.876000000000000e-02 4.500439013486774e-01  4.509658636802587e-01
-1.876000000000000e-02 4.501424885086631e-01  4.508607470445288e-01
-1.876000000000000e-02 4.502197926330099e-01  4.507771029966207e-01
-1.876000000000000e-02 4.502802576960019e-01  4.507114169479108e-01
-1.876000000000000e-02 4.503274540497987e-01  4.506603471898024e-01
-1.876000000000000e-02 4.503642191185915e-01  4.506209033164132e-01
-1.876000000000000e-02 4.503928006159402e-01  4.505905563092246e-01
-1.876000000000000e-02 4.504149776860014e-01  4.505672538361030e-01
-1.876000000000000e-02 4.504321561604934e-01  4.505493744340675e-01
-1.876000000000000e-02 4.504454436292642e-01  4.505356575822490e-01
-1.876000000000000e-02 4.504557093310584e-01  4.505251318719510e-01
-1.876000000000000e-02 4.504636329746984e-01  4.505170520236043e-01
-1.876000000000000e-02 4.504697444877659e-01  4.505108474469383e-01
-1.876000000000000e-02 4.504744551927816e-01  4.505060807978516e-01


-1.876000000000000e-02 4.351819746237440e-01  6.055518244066467e-01
-1.876000000000000e-02 4.056097444711475e-01  5.492900434603810e-01
-1.876000000000000e-02 3.944112762211435e-01  5.186675748870685e-01
-1.876000000000000e-02 3.940260648017371e-01  5.020899175857145e-01
-1.876000000000000e-02 3.987600922139726e-01  4.919247608098234e-01
-1.876000000000000e-02 4.055410734931909e-01  4.846843595295879e-01
-1.876000000000000e-02 4.127508662459681e-01  4.789540633779394e-01
-1.876000000000000e-02 4.195414338596671e-01  4.741581558512609e-01
-1.876000000000000e-02 4.255150891289527e-01  4.700805513262530e-01
-1.876000000000000e-02 4.305514051503293e-01  4.666167434340830e-01
-1.876000000000000e-02 4.346737339467253e-01  4.636824294876583e-01
-1.876000000000000e-02 4.379973367472900e-01  4.612208091933405e-01
-1.876000000000000e-02 4.406448690700514e-01  4.591905323483614e-01
-1.876000000000000e-02 4.427246692240567e-01  4.574970815427343e-01
-1.876000000000000e-02 4.443777609525488e-01  4.561350868165465e-01
-1.876000000000000e-02 4.456792015894233e-01  4.550219275940680e-01
-1.876000000000000e-02 4.466858474256774e-01  4.541028501826535e-01
-1.876000000000000e-02 4.474934637109598e-01  4.533877277288155e-01
-1.876000000000000e-02 4.481294141228052e-01  4.528098979610243e-01
-1.876000000000000e-02 4.486292376321290e-01  4.523447948253255e-01
-1.876000000000000e-02 4.490230166429265e-01  4.519715912664424e-01
-1.876000000000000e-02 4.493338120141070e-01  4.516729565556897e-01
-1.876000000000000e-02 4.495798119805447e-01  4.514338565252143e-01
-1.876000000000000e-02 4.497752981110663e-01  4.512409513509658e-01
-1.876000000000000e-02 4.499305748537433e-01  4.510838481837127e-01
-1.876000000000000e-02 4.500533255173090e-01  4.509559109378750e-01
-1.876000000000000e-02 4.501498880602666e-01  4.508527770033934e-01
-1.876000000000000e-02 4.502255858838343e-01  4.507708105463066e-01
-1.876000000000000e-02 4.502847836773341e-01  4.507065061579201e-01
-1.876000000000000e-02 4.503309830226035e-01  4.506565455170276e-01
-1.876000000000000e-02 4.503669649417783e-01  4.506179745626461e-01
-1.876000000000000e-02 4.503949327457158e-01  4.505883059085181e-01
-1.876000000000000e-02 4.504166302376290e-01  4.505655266602244e-01
-1.876000000000000e-02 4.504334352122941e-01  4.505480494658796e-01
-1.876000000000000e-02 4.504464323130666e-01  4.505346410312545e-01
-1.876000000000000e-02 4.504564727453941e-01  4.505243516721908e-01
-1.876000000000000e-02 4.504642219750474e-01  4.505164530065620e-01
-1.876000000000000e-02 4.504701986123222e-01  4.505103873478360e-01
-1.876000000000000e-02 4.504748051662252e-01  4.505057272951957e-01
-1.876000000000000e-02 4.504783544406553e-01  4.505021462819072e-01
-1.876000000000000e-02 4.504810883975280e-01  4.504993939542618e-01
-1.876000000000000e-02 4.504831932129695e-01  4.504972775232656e-01
-1.876000000000000e-02 4.504848136218249e-01  4.504956500689116e-01
-1.876000000000000e-02 4.504860611975420e-01  4.504943987283551e-01
-1.876000000000000e-02 4.504870211649938e-01  4.504934360299321e-01
-1.876000000000000e-02 4.504877600110880e-01  4.504926955800582e-01
-1.876000000000000e-02 4.504883287257433e-01  4.504921261311673e-01
-1.876000000000000e-02 4.504887665547324e-01  4.504916882601446e-01


-1.876000000000000e-02 4.759175420266750e-01  6.055485361457378e-01
-1.876000000000000e-02 4.333303193928892e-01  5.350406580477131e-01
-1.876000000000000e-02 4.188191352987710e-01  5.012616874424753e-01
-1.876000000000000e-02 4.176424271581111e-01  4.852930421832398e-01
-1.876000000000000e-02 4.212203285674426e-01  4.766366242511802e-01
-1.876000000000000e-02 4.259958124356265e-01  4.710966481573894e-01
-1.876000000000000e-02 4.306059892446641e-01  4.670753498120351e-01
-1.876000000000000e-02 4.345953311204541e-01  4.639207265756179e-01
-1.876000000000000e-02 4.378913857706797e-01  4.613706238744989e-01
-1.876000000000000e-02 4.405444034685971e-01  4.592956569199064e-01
-1.876000000000000e-02 4.426411741273673e-01  4.575758006128914e-01
-1.876000000000000e-02 4.443096283858986e-01  4.561966537997012e-01
-1.876000000000000e-02 4.456243965466470e-01  4.550713724690811e-01
-1.876000000000000e-02 4.466436943307358e-01  4.541417160025483e-01
-1.876000000000000e-02 4.474593595855967e-01  4.534186590104360e-01
-1.876000000000000e-02 4.481025692070715e-01  4.528347495590591e-01
-1.876000000000000e-02 4.486080777176462e-01  4.523647334626383e-01
-1.876000000000000e-02 4.490063198873989e-01  4.519875540359127e-01
-1.876000000000000e-02 4.493206155257629e-01  4.516857163231320e-01
-1.876000000000000e-02 4.495693428614216e-01  4.514440972405456e-01
-1.876000000000000e-02 4.497669709927442e-01  4.512492586095016e-01
-1.876000000000000e-02 4.499239738276257e-01  4.510906261002411e-01
-1.876000000000000e-02 4.500481209791752e-01  4.509614102953529e-01
-1.876000000000000e-02 4.501458017797111e-01  4.508571794687609e-01
-1.876000000000000e-02 4.502223867306998e-01  4.507742853982695e-01
-1.876000000000000e-02 4.502822845370930e-01  4.507092176136127e-01
-1.876000000000000e-02 4.503290347023956e-01  4.506586445440671e-01
-1.876000000000000e-02 4.503654489050691e-01  4.506195913645990e-01
-1.876000000000000e-02 4.503937555926024e-01  4.505895481923161e-01
-1.876000000000000e-02 4.504157179408820e-01  4.505664801470797e-01
-1.876000000000000e-02 4.504327290223094e-01  4.505487808107846e-01
-1.876000000000000e-02 4.504458864716492e-01  4.505352021587584e-01
-1.876000000000000e-02 4.504560512725275e-01  4.505247823322221e-01
-1.876000000000000e-02 4.504638968082111e-01  4.505167836679584e-01
-1.876000000000000e-02 4.504699479019592e-01  4.505106413187229e-01
-1.876000000000000e-02 4.504746119542565e-01  4.505059224257495e-01
-1.876000000000000e-02 4.504782056109413e-01  4.505022962601934e-01
-1.876000000000000e-02 4.504809737486850e-01  4.504995092151248e-01
-1.876000000000000e-02 4.504831049551795e-01  4.504973661617562e-01
-1.876000000000000e-02 4.504847456876985e-01  4.504957182394195e-01
-1.876000000000000e-02 4.504860088509948e-01  4.504944511004311e-01
-1.876000000000000e-02 4.504869809043394e-01  4.504934763397030e-01
-1.876000000000000e-02 4.504877290317093e-01  4.504927265920093e-01
-1.876000000000000e-02 4.504883048983545e-01  4.504921499978053e-01
-1.876000000000000e-02 4.504887482058444e-01  4.504917066078532e-01
-1.876000000000000e-02 4.504890892243762e-01  4.504913654045039e-01
-1.876000000000000e-02 4.504893514829758e-01  4.504911027653499e-01
-1.876000000000000e-02 4.504895531438748e-01  4.504909005715764e-01


-1.876000000000000e-02 5.166585127980615e-01  6.055492594379426e-01
-1.876000000000000e-02 4.591663020514773e-01  5.253571548398588e-01
-1.876000000000000e-02 4.384268703633029e-01  4.898426494792384e-01
-1.876000000000000e-02 4.339094538721523e-01  4.747789826692236e-01
-1.876000000000000e-02 4.347960539838478e-01  4.674907214411774e-01
-1.876000000000000e-02 4.371529820434359e-01  4.633117240613500e-01
-1.876000000000000e-02 4.396233291044785e-01  4.605220680259302e-01
-1.876000000000000e-02 4.418037425868186e-01  4.584623358542836e-01
-1.876000000000000e-02 4.435993238210423e-01  4.568672468505443e-01
-1.876000000000000e-02 4.450457662094345e-01  4.555990619203068e-01
-1.876000000000000e-02 4.461954502627661e-01  4.545691736064623e-01
-1.876000000000000e-02 4.470900881027059e-01  4.537504280953669e-01
-1.876000000000000e-02 4.478120960265238e-01  4.531017850289029e-01
-1.876000000000000e-02 4.483792958721686e-01  4.525791716263768e-01
-1.876000000000000e-02 4.488258836437174e-01  4.521593800183948e-01
-1.876000000000000e-02 4.491780993194786e-01  4.518230978622017e-01
-1.876000000000000e-02 4.494564228834771e-01  4.515541634746721e-01
-1.876000000000000e-02 4.496771718580542e-01  4.513382714908206e-01
-1.876000000000000e-02 4.498526977327211e-01  4.511632128302006e-01
-1.876000000000000e-02 4.499918436352752e-01  4.510204514051168e-01
-1.876000000000000e-02 4.501015734347528e-01  4.509046299665748e-01
-1.876000000000000e-02 4.501877371356536e-01  4.508118755686847e-01
-1.876000000000000e-02 4.502552006415728e-01  4.507386305051400e-01
-1.876000000000000e-02 4.503079073632495e-01  4.506814548662227e-01
-1.876000000000000e-02 4.503490016428984e-01  4.506371818166939e-01
-1.876000000000000e-02 4.503809773038790e-01  4.506030705501724e-01
-1.876000000000000e-02 4.504058088119898e-01  4.505768599027388e-01
-1.876000000000000e-02 4.504250570511278e-01  4.505567440632391e-01
-1.876000000000000e-02 4.504399545533717e-01  4.505413116134842e-01
-1.876000000000000e-02 4.504514699160101e-01  4.505294709924208e-01
-1.876000000000000e-02 4.504603614658718e-01  4.505203831482030e-01
-1.876000000000000e-02 4.504672215441323e-01  4.505134056187635e-01
-1.876000000000000e-02 4.504725107808669e-01  4.505080462678011e-01
-1.876000000000000e-02 4.504765869130243e-01  4.505039285117757e-01
-1.876000000000000e-02 4.504797269290534e-01  4.505007637719171e-01
-1.876000000000000e-02 4.504821451703929e-01  4.504983309743279e-01
-1.876000000000000e-02 4.504840069248249e-01  4.504964602754616e-01
-1.876000000000000e-02 4.504854401260879e-01  4.504950217049117e-01
-1.876000000000000e-02 4.504865434080335e-01  4.504939154433331e-01
-1.876000000000000e-02 4.504873923019545e-01  4.504930643160124e-01
-1.876000000000000e-02 4.504880457080928e-01  4.504924097295088e-01
-1.876000000000000e-02 4.504885485587305e-01  4.504919062177021e-01
-1.876000000000000e-02 4.504889356726844e-01  4.504915190397531e-01
-1.876000000000000e-02 4.504892333714456e-01  4.504912210011573e-01
-1.876000000000000e-02 4.504894622951389e-01  4.504909915678292e-01
-1.876000000000000e-02 4.504896384513857e-01  4.504908150665410e-01
-1.876000000000000e-02 4.504897740067619e-01  4.504906792882881e-01
-1.876000000000000e-02 4.504898784216887e-01  4.504905749404335e-01


-1.876000000000000e-02 4.351818798130804e-01  6.462914792865005e-01
-1.876000000000000e-02 4.028051183025197e-01  5.864927529659262e-01
-1.876000000000000e-02 3.839443176736920e-01  5.480405336182380e-01
-1.876000000000000e-02 3.766138609341848e-01  5.262948626368567e-01
-1.876000000000000e-02 3.764529821791955e-01  5.134129400267655e-01
-1.876000000000000e-02 3.803991965318596e-01  5.045459626757262e-01
-1.876000000000000e-02 3.867049802074213e-01  4.974056238020797e-01
-1.876000000000000e-02 3.942815338847083e-01  4.910822093323307e-01
-1.876000000000000e-02 4.023214274780119e-01  4.852998542552189e-01
-1.876000000000000e-02 4.101898602419114e-01  4.800305324115304e-01
-1.876000000000000e-02 4.174301150745143e-01  4.753138684164933e-01
-1.876000000000000e-02 4.237734943008089e-01  4.711577671474874e-01
-1.876000000000000e-02 4.291315936333522e-01  4.675562723776205e-01
-1.876000000000000e-02 4.335365182954153e-01  4.644850059891230e-01
-1.876000000000000e-02 4.370904234441275e-01  4.619031016351716e-01
-1.876000000000000e-02 4.399239895340353e-01  4.597543407167188e-01
-1.876000000000000e-02 4.421650463873072e-01  4.579652909487676e-01
-1.876000000000000e-02 4.439339279351684e-01  4.565139516514825e-01
-1.876000000000000e-02 4.453266431012370e-01  4.553300680886056e-01
-1.876000000000000e-02 4.464170666773570e-01  4.543518139302271e-01
-1.876000000000000e-02 4.472743185448464e-01  4.535844434427835e-01
-1.876000000000000e-02 4.479572544001279e-01  4.529683391203049e-01
-1.876000000000000e-02 4.484936774935175e-01  4.524720651849845e-01
-1.876000000000000e-02 4.489161081674354e-01  4.520735594171124e-01
-1.876000000000000e-02 4.492493558187384e-01  4.517544826059361e-01
-1.876000000000000e-02 4.495128549740223e-01  4.514992329053989e-01
-1.876000000000000e-02 4.497220434121600e-01  4.512939117918113e-01
-1.876000000000000e-02 4.498883333109696e-01  4.511270531096445e-01
-1.876000000000000e-02 4.500199986020068e-01  4.509910106091438e-01
-1.876000000000000e-02 4.501237108899844e-01  4.508809280962306e-01
-1.876000000000000e-02 4.502050856185167e-01  4.507930677013665e-01
-1.876000000000000e-02 4.502687643222936e-01  4.507238949187468e-01
-1.876000000000000e-02 4.503184905374345e-01  4.506700172260923e-01
-1.876000000000000e-02 4.503572425386912e-01  4.506283570993738e-01
-1.876000000000000e-02 4.503873813768897e-01  4.505962849238992e-01
-1.876000000000000e-02 4.504107758143571e-01  4.505716505098485e-01
-1.876000000000000e-02 4.504289034074702e-01  4.505527474327823e-01
-1.876000000000000e-02 4.504429289581183e-01  4.505382454362140e-01
-1.876000000000000e-02 4.504537673510363e-01  4.505271179346620e-01
-1.876000000000000e-02 4.504621345137257e-01  4.505185767885989e-01
-1.876000000000000e-02 4.504685889212056e-01  4.505120184008997e-01
-1.876000000000000e-02 4.504735646217584e-01  4.505069804540482e-01
-1.876000000000000e-02 4.504773987168985e-01  4.505031093337906e-01
-1.876000000000000e-02 4.504803523445045e-01  4.505001342597584e-01
-1.876000000000000e-02 4.504826266164415e-01  4.504978468574257e-01
-1.876000000000000e-02 4.504843776093562e-01  4.504960880484301e-01
-1.876000000000000e-02 4.504857254488274e-01  4.504947354294477e-01
-1.876000000000000e-02 4.504867627904738e-01  4.504936950383800e-01


-1.876000000000000e-02 4.759175855393394e-01  6.462886957519001e-01
-1.876000000000000e-02 4.292386392275216e-01  5.677612711165222e-01
-1.876000000000000e-02 4.080218613780998e-01  5.232416584420564e-01
-1.876000000000000e-02 4.034494699010607e-01  5.009314818588598e-01
-1.876000000000000e-02 4.064497513720499e-01  4.887835068226312e-01
-1.876000000000000e-02 4.122385496813643e-01  4.810691597262440e-01
-1.876000000000000e-02 4.185954070050198e-01  4.754509112078804e-01
-1.876000000000000e-02 4.245334594529408e-01  4.709888504554272e-01
-1.876000000000000e-02 4.296753861213029e-01  4.673066630913886e-01
-1.876000000000000e-02 4.339465596760651e-01  4.642338903718400e-01
-1.876000000000000e-02 4.374088636766513e-01  4.616794519925446e-01
-1.876000000000000e-02 4.401738979951711e-01  4.595655086625837e-01
-1.876000000000000e-02 4.423588186129683e-01  4.578049718346581e-01
-1.876000000000000e-02 4.440874388693076e-01  4.563838596210812e-01
-1.876000000000000e-02 4.454484348141032e-01  4.552243430508535e-01
-1.876000000000000e-02 4.465098714770749e-01  4.542650461341859e-01
-1.876000000000000e-02 4.473505052094146e-01  4.535164313327570e-01
-1.876000000000000e-02 4.480170549029550e-01  4.529134920219182e-01
-1.876000000000000e-02 4.485407406709730e-01  4.524279820044311e-01
-1.876000000000000e-02 4.489532135165536e-01  4.520382250650406e-01
-1.876000000000000e-02 4.492786599285965e-01  4.517262281736081e-01
-1.876000000000000e-02 4.495360760461738e-01  4.514765894967849e-01
-1.876000000000000e-02 4.497405113270491e-01  4.512755885833106e-01
-1.876000000000000e-02 4.499029889086003e-01  4.511121077115081e-01
-1.876000000000000e-02 4.500315670776639e-01  4.509788575235010e-01
-1.876000000000000e-02 4.501328007663661e-01  4.508711673152051e-01
-1.876000000000000e-02 4.502122059581386e-01  4.507853405125894e-01
-1.876000000000000e-02 4.502743293900038e-01  4.507178519662480e-01
-1.876000000000000e-02 4.503228310163203e-01  4.506653322859799e-01
-1.876000000000000e-02 4.503606213366558e-01  4.506247452055490e-01
-1.876000000000000e-02 4.503900061629957e-01  4.505935086358933e-01
-1.876000000000000e-02 4.504128111766193e-01  4.505695196463645e-01
-1.876000000000000e-02 4.504304791645029e-01  4.505511127032042e-01
-1.876000000000000e-02 4.504441472456567e-01  4.505369912498172e-01
-1.876000000000000e-02 4.504547083608525e-01  4.505261555474657e-01
-1.876000000000000e-02 4.504628606234740e-01  4.505178379312373e-01
-1.876000000000000e-02 4.504691487995883e-01  4.505114509083641e-01
-1.876000000000000e-02 4.504739961531377e-01  4.505065444858589e-01
-1.876000000000000e-02 4.504777312358020e-01  4.505027743551990e-01
-1.876000000000000e-02 4.504806082783642e-01  4.504998766009789e-01
-1.876000000000000e-02 4.504828236444509e-01  4.504976487194229e-01
-1.876000000000000e-02 4.504845291940981e-01  4.504959355896522e-01
-1.876000000000000e-02 4.504858421677944e-01  4.504946182171861e-01
-1.876000000000000e-02 4.504868526522137e-01  4.504936049130395e-01
-1.876000000000000e-02 4.504876303457004e-01  4.504928255066886e-01
-1.876000000000000e-02 4.504882289454504e-01  4.504922260795372e-01
-1.876000000000000e-02 4.504886897422545e-01  4.504917651180708e-01
-1.876000000000000e-02 4.504890442544136e-01  4.504914104337738e-01


-1.876000000000000e-02 5.166583983139695e-01  6.462892275043164e-01
-1.876000000000000e-02 4.547351928149013e-01  5.545458686341909e-01
-1.876000000000000e-02 4.287797611249453e-01  5.075350449180994e-01
-1.876000000000000e-02 4.228876700486195e-01  4.865615022812030e-01
-1.876000000000000e-02 4.244823851565868e-01  4.762166147162885e-01
-1.876000000000000e-02 4.282904435103674e-01  4.702023459582916e-01
-1.876000000000000e-02 4.323300421136627e-01  4.661206743161916e-01
-1.876000000000000e-02 4.359326775407150e-01  4.630561188772215e-01
-1.876000000000000e-02 4.389239181127030e-01  4.606195501288121e-01
-1.876000000000000e-02 4.413529950635061e-01  4.586628063815525e-01
-1.876000000000000e-02 4.432755947441508e-01  4.570691400817250e-01
-1.876000000000000e-02 4.448059046316030e-01  4.557799451260435e-01
-1.876000000000000e-02 4.460141354911457e-01  4.547265278038414e-01
-1.876000000000000e-02 4.469460310833683e-01  4.538730382278715e-01
-1.876000000000000e-02 4.476998195150700e-01  4.532020322766869e-01
-1.876000000000000e-02 4.482914094168793e-01  4.526602403156014e-01
-1.876000000000000e-02 4.487567770541863e-01  4.522245786218455e-01
-1.876000000000000e-02 4.491236128760550e-01  4.518753212050875e-01
-1.876000000000000e-02 4.494133330355058e-01  4.515959652692520e-01
-1.876000000000000e-02 4.496429386414727e-01  4.513719621416955e-01
-1.876000000000000e-02 4.498254940564648e-01  4.511906507797311e-01
-1.876000000000000e-02 4.499703279055454e-01  4.510428159367564e-01
-1.876000000000000e-02 4.500846424271710e-01  4.509226856265547e-01
-1.876000000000000e-02 4.501744617264115e-01  4.508262448853234e-01
-1.876000000000000e-02 4.502448168614114e-01  4.507499146002617e-01
-1.876000000000000e-02 4.502998019935012e-01  4.506902274430944e-01
-1.876000000000000e-02 4.503426877105006e-01  4.506439570349817e-01
-1.876000000000000e-02 4.503760686851588e-01  4.506082829072376e-01
-1.876000000000000e-02 4.504019998095325e-01  4.505808619050103e-01
-1.876000000000000e-02 4.504221066804022e-01  4.505598147423036e-01
-1.876000000000000e-02 4.504376726416481e-01  4.505436675568177e-01
-1.876000000000000e-02 4.504497068985691e-01  4.505312787806399e-01
-1.876000000000000e-02 4.504590006277701e-01  4.505217708121912e-01
-1.876000000000000e-02 4.504661719126390e-01  4.505144711988367e-01
-1.876000000000000e-02 4.504717016644798e-01  4.505088648254700e-01
-1.876000000000000e-02 4.504759634593193e-01  4.505045574931250e-01
-1.876000000000000e-02 4.504792467345473e-01  4.505012472458558e-01
-1.876000000000000e-02 4.504817755330157e-01  4.504987028008000e-01
-1.876000000000000e-02 4.504837223191031e-01  4.504967461581079e-01
-1.876000000000000e-02 4.504852210213942e-01  4.504952415372176e-01
-1.876000000000000e-02 4.504863748070383e-01  4.504940845585961e-01
-1.876000000000000e-02 4.504872628037653e-01  4.504931946579411e-01
-1.876000000000000e-02 4.504879458582532e-01  4.504925098012015e-01
-1.876000000000000e-02 4.504884716891119e-01  4.504919831650325e-01
-1.876000000000000e-02 4.504888765275303e-01  4.504915782407216e-01
-1.876000000000000e-02 4.504891879613939e-01  4.504912666473484e-01
-1.876000000000000e-02 4.504894275251993e-01  4.504910268560136e-01
-1.876000000000000e-02 4.504896116049290e-01  4.504908421210565e-01


-1.876000000000000e-02 4.351801650881970e-01  6.870287384619721e-01
-1.876000000000000e-02 4.063317380822364e-01  6.332655418808775e-01
-1.876000000000000e-02 3.825677390238111e-01  5.890218021918283e-01
-1.876000000000000e-02 3.665300075348518e-01  5.605107412096211e-01
-1.876000000000000e-02 3.573840958707100e-01  5.445741285599408e-01
-1.876000000000000e-02 3.526345118186026e-01  5.361588148054739e-01
-1.876000000000000e-02 3.503351246661278e-01  5.317502432428670e-01
-1.876000000000000e-02 3.493571491551792e-01  5.293613711127471e-01
-1.876000000000000e-02 3.491152589893058e-01  5.279364678541724e-01
-1.876000000000000e-02 3.493300230524398e-01  5.269176431188324e-01
-1.876000000000000e-02 3.498882971642410e-01  5.259983659562135e-01
-1.876000000000000e-02 3.507701227201379e-01  5.249927705182127e-01
-1.876000000000000e-02 3.520127040780520e-01  5.237680035127588e-01
-1.876000000000000e-02 3.536933680609292e-01  5.222100922564480e-01
-1.876000000000000e-02 3.559208960349898e-01  5.202087740201342e-01
-1.876000000000000e-02 3.588281864583633e-01  5.176554202382967e-01
-1.876000000000000e-02 3.625602466074361e-01  5.144530881712998e-01
-1.876000000000000e-02 3.672515929498680e-01  5.105396257182709e-01
-1.876000000000000e-02 3.729884033033891e-01  5.059226104669525e-01
-1.876000000000000e-02 3.797564066856080e-01  5.007183797557461e-01
-1.876000000000000e-02 3.873875752340327e-01  4.951599413127466e-01
-1.876000000000000e-02 3.955462263887871e-01  4.895259277196864e-01
-1.876000000000000e-02 4.037801807323008e-01  4.840713391210162e-01
-1.876000000000000e-02 4.116305289668538e-01  4.790040590454933e-01
-1.876000000000000e-02 4.187374521417233e-01  4.744280735584004e-01
-1.876000000000000e-02 4.249011486044739e-01  4.703920151872455e-01
-1.876000000000000e-02 4.300680060486052e-01  4.669073943525864e-01
-1.876000000000000e-02 4.342941395874501e-01  4.639345255024206e-01
-1.876000000000000e-02 4.376995882039976e-01  4.614408979898462e-01
-1.876000000000000e-02 4.404096998542906e-01  4.593738219359500e-01
-1.876000000000000e-02 4.425432084044080e-01  4.576472229919137e-01
-1.876000000000000e-02 4.442344302817138e-01  4.562570776438575e-01
-1.876000000000000e-02 4.455655540414538e-01  4.551215626735247e-01
-1.876000000000000e-02 4.465991275084614e-01  4.541821074237257e-01
-1.876000000000000e-02 4.474233622130767e-01  4.534509086634570e-01
-1.876000000000000e-02 4.480743155184096e-01  4.528607472177033e-01
-1.876000000000000e-02 4.485858379911576e-01  4.523856239993911e-01
-1.876000000000000e-02 4.489887827332198e-01  4.520042919432809e-01
-1.876000000000000e-02 4.493067603408363e-01  4.516990995682744e-01
-1.876000000000000e-02 4.495583549085491e-01  4.514548355300650e-01
-1.876000000000000e-02 4.497582316298467e-01  4.512579654661388e-01
-1.876000000000000e-02 4.499170445134857e-01  4.510977301803835e-01
-1.876000000000000e-02 4.500426561517941e-01  4.509671772041985e-01
-1.876000000000000e-02 4.501415106665599e-01  4.508617996539158e-01
-1.876000000000000e-02 4.502190269263099e-01  4.507779345314325e-01
-1.876000000000000e-02 4.502796594230802e-01  4.507120662018717e-01
-1.876000000000000e-02 4.503269875331680e-01  4.506608499756097e-01
-1.876000000000000e-02 4.503638560998223e-01  4.506212907288261e-01


-1.876000000000000e-02 4.759176867574190e-01  6.870252885010243e-01
-1.876000000000000e-02 4.294507187643136e-01  6.103459460663179e-01
-1.876000000000000e-02 4.008952066179680e-01  5.557658517115266e-01
-1.876000000000000e-02 3.889592323314574e-01  5.250301076188258e-01
-1.876000000000000e-02 3.875896772916147e-01  5.080127493458879e-01
-1.876000000000000e-02 3.916825521925638e-01  4.974121117172332e-01
-1.876000000000000e-02 3.983221522047888e-01  4.897317188496644e-01
-1.876000000000000e-02 4.058593098743136e-01  4.835220814662436e-01
-1.876000000000000e-02 4.133176571820329e-01  4.782232298946343e-01
-1.876000000000000e-02 4.201389376241544e-01  4.736287015628471e-01
-1.876000000000000e-02 4.260596868981129e-01  4.696704114262530e-01
-1.876000000000000e-02 4.310137781283958e-01  4.662812464544543e-01
-1.876000000000000e-02 4.350543332148406e-01  4.634097181247219e-01
-1.876000000000000e-02 4.382981491496120e-01  4.609889312634796e-01
-1.876000000000000e-02 4.408839434398730e-01  4.589993640745573e-01
-1.876000000000000e-02 4.429112796006823e-01  4.573447991579598e-01
-1.876000000000000e-02 4.445245537452918e-01  4.560107322866611e-01
-1.876000000000000e-02 4.457951051829037e-01  4.549197604654861e-01
-1.876000000000000e-02 4.467749431731839e-01  4.540227715899598e-01
-1.876000000000000e-02 4.475647708456304e-01  4.533234139338823e-01
-1.876000000000000e-02 4.481854463187711e-01  4.527581239675636e-01
-1.876000000000000e-02 4.486733698386442e-01  4.523032221407625e-01
-1.876000000000000e-02 4.490578297796196e-01  4.519383003565030e-01
-1.876000000000000e-02 4.493613271697345e-01  4.516463391768835e-01
-1.876000000000000e-02 4.496016464098806e-01  4.514124790710857e-01
-1.876000000000000e-02 4.497926633615638e-01  4.512235955056671e-01
-1.876000000000000e-02 4.499443348558316e-01  4.510696877311469e-01
-1.876000000000000e-02 4.500641702892166e-01  4.509444310312851e-01
-1.876000000000000e-02 4.501584003655370e-01  4.508435966352287e-01
-1.876000000000000e-02 4.502322489766502e-01  4.507635714622537e-01
-1.876000000000000e-02 4.502899881947806e-01  4.507008616158439e-01
-1.876000000000000e-02 4.503350398907118e-01  4.506521779434106e-01
-1.876000000000000e-02 4.503701209717773e-01  4.506146110120786e-01
-1.876000000000000e-02 4.503973831550559e-01  4.505857220240151e-01
-1.876000000000000e-02 4.504185295137383e-01  4.505635439865053e-01
-1.876000000000000e-02 4.504349049184158e-01  4.505465283906221e-01
-1.876000000000000e-02 4.504475681968631e-01  4.505334739439718e-01
-1.876000000000000e-02 4.504573497576699e-01  4.505234559191635e-01
-1.876000000000000e-02 4.504648986511403e-01  4.505157653217729e-01
-1.876000000000000e-02 4.504707200256880e-01  4.505098588436079e-01
-1.876000000000000e-02 4.504752069697737e-01  4.505053212117584e-01
-1.876000000000000e-02 4.504786640016505e-01  4.505018342199477e-01
-1.876000000000000e-02 4.504813267888292e-01  4.504991540545516e-01
-1.876000000000000e-02 4.504833768117487e-01  4.504970931192857e-01
-1.876000000000000e-02 4.504849550491691e-01  4.504955083531912e-01
-1.876000000000000e-02 4.504861699998034e-01  4.504942896796459e-01
-1.876000000000000e-02 4.504871050486458e-01  4.504933522987190e-01
-1.876000000000000e-02 4.504878245006073e-01  4.504926311088902e-01


-1.876000000000000e-02 5.166580123608391e-01  6.870293160362995e-01
-1.876000000000000e-02 4.530648279927929e-01  5.922533244024781e-01
-1.876000000000000e-02 4.201423110144266e-01  5.325493789906947e-01
-1.876000000000000e-02 4.099909816474630e-01  5.032498792430311e-01
-1.876000000000000e-02 4.106842338204145e-01  4.885116924074152e-01
-1.876000000000000e-02 4.154006342884756e-01  4.799589029646751e-01
-1.876000000000000e-02 4.211172322355061e-01  4.741512305272386e-01
-1.876000000000000e-02 4.265813762765379e-01  4.697577395948150e-01
-1.876000000000000e-02 4.313321101658085e-01  4.662231992795272e-01
-1.876000000000000e-02 4.352728591498783e-01  4.633145129693521e-01
-1.876000000000000e-02 4.384554957882862e-01  4.608912331582680e-01
-1.876000000000000e-02 4.410031625659437e-01  4.589122575084533e-01
-1.876000000000000e-02 4.430033711358225e-01  4.572740416377700e-01
-1.876000000000000e-02 4.445959553852928e-01  4.559518073143440e-01
-1.876000000000000e-02 4.458509612000490e-01  4.548707514633249e-01
-1.876000000000000e-02 4.468181391849586e-01  4.539845996782413e-01
-1.876000000000000e-02 4.475990578641702e-01  4.532925701910991e-01
-1.876000000000000e-02 4.482123625349909e-01  4.527332662809808e-01
-1.876000000000000e-02 4.486945609361811e-01  4.522832540535796e-01
-1.876000000000000e-02 4.490745438501302e-01  4.519223091247703e-01
-1.876000000000000e-02 4.493745386988197e-01  4.516335510794982e-01
-1.876000000000000e-02 4.496121333534848e-01  4.514022009992190e-01
-1.876000000000000e-02 4.498010028319914e-01  4.512152444036789e-01
-1.876000000000000e-02 4.499509401784271e-01  4.510628747601032e-01
-1.876000000000000e-02 4.500693744909972e-01  4.509389128231062e-01
-1.876000000000000e-02 4.501624841702940e-01  4.508391885621796e-01
-1.876000000000000e-02 4.502354450724715e-01  4.507600988859712e-01
-1.876000000000000e-02 4.502924843111036e-01  4.506981558815359e-01
-1.876000000000000e-02 4.503369853039632e-01  4.506500852835927e-01
-1.876000000000000e-02 4.503716341073339e-01  4.506129997613195e-01
-1.876000000000000e-02 4.503985578150659e-01  4.505844844074154e-01
-1.876000000000000e-02 4.504194398326304e-01  4.505625943456367e-01
-1.876000000000000e-02 4.504356093078403e-01  4.505457998779025e-01
-1.876000000000000e-02 4.504481124651457e-01  4.505329148780153e-01
-1.876000000000000e-02 4.504577698831632e-01  4.505230267419466e-01
-1.876000000000000e-02 4.504652225528881e-01  4.505154355905209e-01
-1.876000000000000e-02 4.504709698261773e-01  4.505096056560490e-01
-1.876000000000000e-02 4.504753995060305e-01  4.505051267121820e-01
-1.876000000000000e-02 4.504788123142744e-01  4.505016847317811e-01
-1.876000000000000e-02 4.504814409300733e-01  4.504990390615252e-01
-1.876000000000000e-02 4.504834647308691e-01  4.504970047390545e-01
-1.876000000000000e-02 4.504850227409750e-01  4.504954403997313e-01
-1.876000000000000e-02 4.504862221700160e-01  4.504942374846047e-01
-1.876000000000000e-02 4.504871452119165e-01  4.504933121634609e-01
-1.876000000000000e-02 4.504878554089632e-01  4.504926002352054e-01
-1.876000000000000e-02 4.504884020728601e-01  4.504920527203239e-01
-1.876000000000000e-02 4.504888229590492e-01  4.504916317509903e-01
-1.876000000000000e-02 4.504891467463002e-01  4.504913078168403e-01


-1.876000000000000e-02 4.759191651625293e-01  7.277662152482651e-01
-1.876000000000000e-02 4.360654751259289e-01  6.658558711623982e-01
-1.876000000000000e-02 4.041524662243593e-01  6.071138422487680e-01
-1.876000000000000e-02 3.821877432083079e-01  5.651978016151621e-01
-1.876000000000000e-02 3.707347622606103e-01  5.405079767109712e-01
-1.876000000000000e-02 3.667496973472498e-01  5.264259300946417e-01
-1.876000000000000e-02 3.673113258369247e-01  5.175533029920482e-01
-1.876000000000000e-02 3.707168276629891e-01  5.108544242296690e-01
-1.876000000000000e-02 3.760737105575382e-01  5.048564099132660e-01
-1.876000000000000e-02 3.828447157120053e-01  4.989869406509219e-01
-1.876000000000000e-02 3.905675114315909e-01  4.931519919417086e-01
-1.876000000000000e-02 3.987443335325138e-01  4.874713325810515e-01
-1.876000000000000e-02 4.068547561599938e-01  4.821138693670620e-01
-1.876000000000000e-02 4.144447582333514e-01  4.772033961390322e-01
-1.876000000000000e-02 4.212037449019793e-01  4.728323975655835e-01
-1.876000000000000e-02 4.269856031176592e-01  4.690127175720463e-01
-1.876000000000000e-02 4.317835843003360e-01  4.657303455192316e-01
-1.876000000000000e-02 4.356821044624223e-01  4.629511960738688e-01
-1.876000000000000e-02 4.387934496268682e-01  4.606107273171597e-01
-1.876000000000000e-02 4.412752687103141e-01  4.586849480479669e-01
-1.876000000000000e-02 4.432226936097782e-01  4.570965981072385e-01
-1.876000000000000e-02 4.447679362451362e-01  4.558063793420352e-01
-1.876000000000000e-02 4.459857528723292e-01  4.547500400264156e-01
-1.876000000000000e-02 4.469239688246738e-01  4.538915517844336e-01
-1.876000000000000e-02 4.476826401221632e-01  4.532172353154136e-01
-1.876000000000000e-02 4.482779868786944e-01  4.526725613004131e-01
-1.876000000000000e-02 4.487462321917489e-01  4.522344985933385e-01
-1.876000000000000e-02 4.491153030581992e-01  4.518832718239786e-01
-1.876000000000000e-02 4.494067646576379e-01  4.516023286177049e-01
-1.876000000000000e-02 4.496377225508622e-01  4.513770858091934e-01
-1.876000000000000e-02 4.498213480370449e-01  4.511948205949959e-01
-1.876000000000000e-02 4.499670470969482e-01  4.510462163230828e-01
-1.876000000000000e-02 4.500820594540593e-01  4.509254342678367e-01
-1.876000000000000e-02 4.501724357338598e-01  4.508284353162801e-01
-1.876000000000000e-02 4.502432318979715e-01  4.507516368019419e-01
-1.876000000000000e-02 4.502985646277182e-01  4.506915674972799e-01
-1.876000000000000e-02 4.503417236156544e-01  4.506449924897322e-01
-1.876000000000000e-02 4.503753190462820e-01  4.506090797512062e-01
-1.876000000000000e-02 4.504014180722078e-01  4.505814738649250e-01
-1.876000000000000e-02 4.504216561641801e-01  4.505602844632620e-01
-1.876000000000000e-02 4.504373239973465e-01  4.505440277880670e-01
-1.876000000000000e-02 4.504494374944663e-01  4.505315551767101e-01
-1.876000000000000e-02 4.504587926537524e-01  4.505219829575864e-01
-1.876000000000000e-02 4.504660114963626e-01  4.505146341038248e-01
-1.876000000000000e-02 4.504715780068699e-01  4.505089899693436e-01
-1.876000000000000e-02 4.504758681802645e-01  4.505046536590323e-01
-1.876000000000000e-02 4.504791733453463e-01  4.505013211595286e-01
-1.876000000000000e-02 4.504817190274621e-01  4.504987596334503e-01


-1.876000000000000e-02 5.166605286464598e-01  7.277723248623429e-01
-1.876000000000000e-02 4.559644362472710e-01  6.429184438572159e-01
-1.876000000000000e-02 4.165832888955510e-01  5.730460043124406e-01
-1.876000000000000e-02 3.973985742585439e-01  5.315644464176369e-01
-1.876000000000000e-02 3.926575251967924e-01  5.095092912582325e-01
-1.876000000000000e-02 3.953835397969089e-01  4.968517661335875e-01
-1.876000000000000e-02 4.014332349202576e-01  4.884289950927070e-01
-1.876000000000000e-02 4.086087591464272e-01  4.820290502754712e-01
-1.876000000000000e-02 4.157356409855552e-01  4.767719045790036e-01
-1.876000000000000e-02 4.222165116314437e-01  4.723222823022254e-01
-1.876000000000000e-02 4.277957948410689e-01  4.685221796632681e-01
-1.876000000000000e-02 4.324326773937698e-01  4.652938566217691e-01
-1.876000000000000e-02 4.361989337000172e-01  4.625775070790499e-01
-1.876000000000000e-02 4.392057614298335e-01  4.603069363003630e-01
-1.876000000000000e-02 4.415987078375245e-01  4.584283982550832e-01
-1.876000000000000e-02 4.434820924634069e-01  4.568899395068693e-01
-1.876000000000000e-02 4.449703966636561e-01  4.556361325847486e-01
-1.876000000000000e-02 4.461430284837065e-01  4.546072936252909e-01
-1.876000000000000e-02 4.470498865408187e-01  4.537818946034735e-01
-1.876000000000000e-02 4.477814163038015e-01  4.531281910095461e-01
-1.876000000000000e-02 4.483555035726169e-01  4.526007659650193e-01
-1.876000000000000e-02 4.488072566194974e-01  4.521768315158181e-01
-1.876000000000000e-02 4.491634418212893e-01  4.518371057941234e-01
-1.876000000000000e-02 4.494448397566976e-01  4.515653898242540e-01
-1.876000000000000e-02 4.496679715173755e-01  4.513473297880024e-01
-1.876000000000000e-02 4.498453896142514e-01  4.511705947122456e-01
-1.876000000000000e-02 4.499860660912301e-01  4.510264671321423e-01
-1.876000000000000e-02 4.500970284325698e-01  4.509094827865911e-01
-1.876000000000000e-02 4.501841741541873e-01  4.508157341825884e-01
-1.876000000000000e-02 4.502524141647950e-01  4.507416584452632e-01
-1.876000000000000e-02 4.503057325373324e-01  4.506838076283254e-01
-1.876000000000000e-02 4.503473076854057e-01  4.506389982960752e-01
-1.876000000000000e-02 4.503796605693770e-01  4.506044678041267e-01
-1.876000000000000e-02 4.504047871521116e-01  4.505779326052511e-01
-1.876000000000000e-02 4.504242657753604e-01  4.505575671168049e-01
-1.876000000000000e-02 4.504393426151841e-01  4.505419431057076e-01
-1.876000000000000e-02 4.504509970482274e-01  4.505299554539705e-01
-1.876000000000000e-02 4.504599963838831e-01  4.505207549270732e-01
-1.876000000000000e-02 4.504669400472087e-01  4.505136911964782e-01
-1.876000000000000e-02 4.504722937919921e-01  4.505082656458342e-01
-1.876000000000000e-02 4.504764197452727e-01  4.505040971111385e-01
-1.876000000000000e-02 4.504795981795717e-01  4.505008933732736e-01
-1.876000000000000e-02 4.504820460859658e-01  4.504984306689186e-01
-1.876000000000000e-02 4.504839306365163e-01  4.504965369288014e-01
-1.876000000000000e-02 4.504853813908159e-01  4.504950806448114e-01
-1.876000000000000e-02 4.504864982246631e-01  4.504939607987305e-01
-1.876000000000000e-02 4.504873575305198e-01  4.504930992051803e-01
-1.876000000000000e-02 4.504880189242519e-01  4.504924365445414e-01


-1.876000000000000e-02 5.166611688875079e-01  7.685145102155210e-01
-1.876000000000000e-02 4.663757248958645e-01  7.085831275353446e-01
-1.876000000000000e-02 4.270734489707891e-01  6.435167267133144e-01
-1.876000000000000e-02 3.973225016255545e-01  5.879620477762085e-01
-1.876000000000000e-02 3.792229563362337e-01  5.519248637413048e-01
-1.876000000000000e-02 3.713659082294983e-01  5.313684879930863e-01
-1.876000000000000e-02 3.700870199562584e-01  5.192432110743146e-01
-1.876000000000000e-02 3.727458868413118e-01  5.109606086371655e-01
-1.876000000000000e-02 3.778797108017586e-01  5.041966916953997e-01
-1.876000000000000e-02 3.846396534723173e-01  4.979746456404427e-01
-1.876000000000000e-02 3.923938458340401e-01  4.920078024971513e-01
-1.876000000000000e-02 4.005517217780494e-01  4.863235355366159e-01
-1.876000000000000e-02 4.085634309674664e-01  4.810248070761180e-01
-1.876000000000000e-02 4.159863605613055e-01  4.762224760614500e-01
-1.876000000000000e-02 4.225380471248240e-01  4.719650944759300e-01
-1.876000000000000e-02 4.281025833179270e-01  4.682584917034333e-01
-1.876000000000000e-02 4.326970240830529e-01  4.650853075139759e-01
-1.876000000000000e-02 4.364163762756437e-01  4.624080680564626e-01
-1.876000000000000e-02 4.393833140936455e-01  4.601706959386993e-01
-1.876000000000000e-02 4.417392999687952e-01  4.583146296312693e-01
-1.876000000000000e-02 4.435948527763957e-01  4.567977054152784e-01
-1.876000000000000e-02 4.450588880865403e-01  4.555607525223657e-01
-1.876000000000000e-02 4.462114783482888e-01  4.545440740602540e-01
-1.876000000000000e-02 4.471055276391657e-01  4.537333038072755e-01
-1.876000000000000e-02 4.478249898018682e-01  4.530887693231303e-01
-1.876000000000000e-02 4.483897152526866e-01  4.525689971430382e-01
-1.876000000000000e-02 4.488341968149241e-01  4.521513247757730e-01
-1.876000000000000e-02 4.491846984029254e-01  4.518166923049945e-01
-1.876000000000000e-02 4.494616594955900e-01  4.515490509125570e-01
-1.876000000000000e-02 4.496813392835212e-01  4.513341525963981e-01
-1.876000000000000e-02 4.498560104528447e-01  4.511598585727519e-01
-1.876000000000000e-02 4.499944630970168e-01  4.510177194422141e-01
-1.876000000000000e-02 4.501036342593603e-01  4.509024276385873e-01
-1.876000000000000e-02 4.501893527363640e-01  4.508101254954479e-01
-1.876000000000000e-02 4.502564641253033e-01  4.507372577966750e-01
-1.876000000000000e-02 4.503088934218767e-01  4.506803885229583e-01
-1.876000000000000e-02 4.503497695939471e-01  4.506363586408692e-01
-1.876000000000000e-02 4.503815742152656e-01  4.506024374238524e-01
-1.876000000000000e-02 4.504062718649401e-01  4.505763737913723e-01
-1.876000000000000e-02 4.504254156615126e-01  4.505563710835683e-01
-1.876000000000000e-02 4.504402318878639e-01  4.505410254535083e-01
-1.876000000000000e-02 4.504516841663505e-01  4.505292514068053e-01
-1.876000000000000e-02 4.504605268711456e-01  4.505202146310597e-01
-1.876000000000000e-02 4.504673491044195e-01  4.505132762008571e-01
-1.876000000000000e-02 4.504726090974746e-01  4.505079468378068e-01
-1.876000000000000e-02 4.504766626642774e-01  4.505038521060160e-01
-1.876000000000000e-02 4.504797852722708e-01  4.505007050406369e-01
-1.876000000000000e-02 4.504821900435582e-01  4.504982857683695e-01


