-1.871000000000000e-02 3.333277855207952e-01  8.499890721723922e-01
-1.871000000000000e-02 4.570574581551500e-01  8.823655956504984e-01
-1.871000000000000e-02 4.999713916023356e-01  8.933023720627313e-01
-1.871000000000000e-02 5.135876064995403e-01  8.980332221315500e-01
-1.871000000000000e-02 5.186071529519910e-01  9.012891107763648e-01
-1.871000000000000e-02 5.210337194871240e-01  9.044244493191568e-01
-1.871000000000000e-02 5.227480100849985e-01  9.078757974961404e-01
-1.871000000000000e-02 5.243637236543154e-01  9.117947573324930e-01
-1.871000000000000e-02 5.260788227591283e-01  9.162205001622993e-01
-1.871000000000000e-02 5.279434694196594e-01  9.211232822973656e-01
-1.871000000000000e-02 5.299540126217860e-01  9.264371439380785e-01
-1.871000000000000e-02 5.320845052871164e-01  9.320579910406707e-01
-1.871000000000000e-02 5.342917642887229e-01  9.378502967694419e-01
-1.871000000000000e-02 5.365315557753012e-01  9.436750048827176e-01
-1.871000000000000e-02 5.387631643426807e-01  9.494007540794476e-01
-1.871000000000000e-02 5.409411129263827e-01  9.548951725720078e-01
-1.871000000000000e-02 5.430286485662968e-01  9.600647579153317e-01
-1.871000000000000e-02 5.450076519661335e-01  9.648581490871754e-01


