-1.8752500000000002e-02 2.647807446680004e-01  6.390457777280826e-01
-1.8752500000000002e-02 2.572016434946387e-01  6.566049455270477e-01
-1.8752500000000002e-02 2.601710560592686e-01  6.730175540504562e-01
-1.8752500000000002e-02 2.742937443048371e-01  6.898247436145363e-01
-1.8752500000000002e-02 2.992977759590554e-01  7.079906148464349e-01
-1.8752500000000002e-02 3.324999228098108e-01  7.258522776250643e-01
-1.8752500000000002e-02 3.663936561201002e-01  7.387948622616147e-01
-1.8752500000000002e-02 3.920228759052611e-01  7.425959675250811e-01
-1.8752500000000002e-02 4.054774378036292e-01  7.356854796147853e-01
-1.8752500000000002e-02 4.075411370855833e-01  7.180266433698450e-01
-1.8752500000000002e-02 4.003268144063010e-01  6.906333184291356e-01
-1.8752500000000002e-02 3.863707280645083e-01  6.574007743882980e-01
-1.8752500000000002e-02 3.689515971938600e-01  6.259776808393712e-01
-1.8752500000000002e-02 3.512780261255513e-01  6.035567322627862e-01
-1.8752500000000002e-02 3.346808056861415e-01  5.927163996802263e-01
-1.8752500000000002e-02 3.183608623396590e-01  5.927272148868711e-01
-1.8752500000000002e-02 3.009859841498405e-01  6.019644220254239e-01
-1.8752500000000002e-02 2.826517010426442e-01  6.179196016107548e-01
-1.8752500000000002e-02 2.665303748709895e-01  6.365154121353461e-01
-1.8752500000000002e-02 2.576468909719008e-01  6.542893806944210e-01
-1.8752500000000002e-02 2.591070557712982e-01  6.707804239863000e-01
-1.8752500000000002e-02 2.716945667653196e-01  6.874414770327035e-01
-1.8752500000000002e-02 2.952769087195245e-01  7.054414584114110e-01
-1.8752500000000002e-02 3.276867662250972e-01  7.235735595377764e-01
-1.8752500000000002e-02 3.620657261831570e-01  7.374932008102987e-01
-1.8752500000000002e-02 3.892060732932348e-01  7.426969168192105e-01
-1.8752500000000002e-02 4.043481140930620e-01  7.372764090028311e-01
-1.8752500000000002e-02 4.078575078625165e-01  7.210666600923312e-01
