-1.8757500000000000e-02 4.115064328753290e-01  7.467532042342475e-01
-1.8757500000000000e-02 4.156968360188815e-01  7.333455817503898e-01
-1.8757500000000000e-02 4.111105069932008e-01  7.103842788332991e-01
-1.8757500000000000e-02 3.995389692353776e-01  6.791643059554306e-01
-1.8757500000000000e-02 3.833179228677938e-01  6.445372332389602e-01
-1.8757500000000000e-02 3.656106510287643e-01  6.143080788220111e-01
-1.8757500000000000e-02 3.490523823707074e-01  5.940643268581919e-01
-1.8757500000000000e-02 3.341206306917601e-01  5.847402069500167e-01
-1.8757500000000000e-02 3.195125799442964e-01  5.850315064430059e-01
-1.8757500000000000e-02 3.035714531331437e-01  5.935460395576423e-01
-1.8757500000000000e-02 2.856369449069640e-01  6.086250422716533e-01
-1.8757500000000000e-02 2.676068752653837e-01  6.270248344256301e-01
-1.8757500000000000e-02 2.540951064067368e-01  6.448232112380560e-01
-1.8757500000000000e-02 2.490446468260065e-01  6.604779843056938e-01
-1.8757500000000000e-02 2.537041104946007e-01  6.750504834428912e-01
-1.8757500000000000e-02 2.682744793856340e-01  6.904320451853282e-01
-1.8757500000000000e-02 2.929119064284664e-01  7.078734005401880e-01
-1.8757500000000000e-02 3.261185656286141e-01  7.263943555636876e-01
-1.8757500000000000e-02 3.618150628947642e-01  7.419250448582957e-01
-1.8757500000000000e-02 3.910650156172218e-01  7.499725376804346e-01
-1.8757500000000000e-02 4.088888732168711e-01  7.485865641150249e-01
-1.8757500000000000e-02 4.155482278808791e-01  7.375622290591808e-01
-1.8757500000000000e-02 4.129677117682264e-01  7.169315270246106e-01
-1.8757500000000000e-02 4.029444950900500e-01  6.874746218894191e-01
-1.8757500000000000e-02 3.876017202692870e-01  6.530102357461358e-01
-1.8757500000000000e-02 3.699602400515760e-01  6.209938091222148e-01
-1.8757500000000000e-02 3.529781149442866e-01  5.980320722136333e-01
-1.8757500000000000e-02 3.377201822239594e-01  5.860928501263855e-01
