-1.8740000000000000e-02 3.543527198079480e-01  7.113322441957233e-01
-1.8740000000000000e-02 3.710058692824383e-01  7.081499500614389e-01
-1.8740000000000000e-02 3.774981241434568e-01  6.947942691856235e-01
-1.8740000000000000e-02 3.741408806124729e-01  6.737304883112328e-01
-1.8740000000000000e-02 3.634612677760174e-01  6.505394243086390e-01
-1.8740000000000000e-02 3.486857831585474e-01  6.320475441540421e-01
-1.8740000000000000e-02 3.324172255154229e-01  6.228472132630963e-01
-1.8740000000000000e-02 3.161167128297958e-01  6.239284632539887e-01
-1.8740000000000000e-02 3.012602317687752e-01  6.334913200545200e-01
-1.8740000000000000e-02 2.908170983424281e-01  6.480992722217075e-01
-1.8740000000000000e-02 2.886139708395729e-01  6.645340466275566e-01
-1.8740000000000000e-02 2.969090663614810e-01  6.810739915057986e-01
-1.8740000000000000e-02 3.149863561501088e-01  6.963847963206440e-01
-1.8740000000000000e-02 3.385574755437699e-01  7.077527721347013e-01
-1.8740000000000000e-02 3.603931653462212e-01  7.114605112134620e-01
-1.8740000000000000e-02 3.741167379995806e-01  7.050964019257459e-01
-1.8740000000000000e-02 3.774284929172128e-01  6.889727506348520e-01
-1.8740000000000000e-02 3.715061262548158e-01  6.665452850643148e-01
-1.8740000000000000e-02 3.592365920854173e-01  6.441065211442110e-01
-1.8740000000000000e-02 3.437859690951864e-01  6.281372445956495e-01
-1.8740000000000000e-02 3.273875650976997e-01  6.221248036432082e-01
-1.8740000000000000e-02 3.113213748676367e-01  6.260907383190165e-01
-1.8740000000000000e-02 2.974194086091875e-01  6.375937134004971e-01
-1.8740000000000000e-02 2.891144178502592e-01  6.530366724468001e-01
-1.8740000000000000e-02 2.900047883270274e-01  6.696280375421578e-01
-1.8740000000000000e-02 3.015193695640385e-01  6.859731368366369e-01
-1.8740000000000000e-02 3.219060499278339e-01  7.004484928600914e-01
-1.8740000000000000e-02 3.457713064012861e-01  7.098559807638439e-01
