-1.8742500000000002e-02 3.655412758572651e-01  7.201441747396218e-01
-1.8742500000000002e-02 3.815201483481418e-01  7.145550754986743e-01
-1.8742500000000002e-02 3.859320571834867e-01  6.979749561321645e-01
-1.8742500000000002e-02 3.801853989285270e-01  6.732012520238708e-01
-1.8742500000000002e-02 3.673618216810948e-01  6.464556292436350e-01
-1.8742500000000002e-02 3.509833722923813e-01  6.253424109461954e-01
-1.8742500000000002e-02 3.336084084610054e-01  6.146643701559253e-01
-1.8742500000000002e-02 3.161661450090567e-01  6.152313660815693e-01
-1.8742500000000002e-02 2.993464449389948e-01  6.251627018319150e-01
-1.8742500000000002e-02 2.856928873229017e-01  6.407828923780783e-01
-1.8742500000000002e-02 2.795790672427421e-01  6.583167607735204e-01
-1.8742500000000002e-02 2.843726795624613e-01  6.759892456323685e-01
-1.8742500000000002e-02 3.006728907691270e-01  6.933663253157607e-01
-1.8742500000000002e-02 3.258824765231646e-01  7.088750053695745e-01
-1.8742500000000002e-02 3.533649582545748e-01  7.186862959660427e-01
-1.8742500000000002e-02 3.747277578060565e-01  7.188533289215655e-01
-1.8742500000000002e-02 3.850795164086028e-01  7.077712705116402e-01
-1.8742500000000002e-02 3.842403889516858e-01  6.866463233057533e-01
-1.8742500000000002e-02 3.746124776038822e-01  6.599547334925269e-01
-1.8742500000000002e-02 3.596453025100814e-01  6.350882326027533e-01
-1.8742500000000002e-02 3.425716850991470e-01  6.187180675584703e-01
-1.8742500000000002e-02 3.251157767725086e-01  6.136020399307606e-01
-1.8742500000000002e-02 3.078145393295673e-01  6.190853935646810e-01
-1.8742500000000002e-02 2.920589826207733e-01  6.323098003748959e-01
-1.8742500000000002e-02 2.815116603140201e-01  6.492336972493865e-01
-1.8742500000000002e-02 2.804428772993262e-01  6.669220027091962e-01
-1.8742500000000002e-02 2.909346723853752e-01  6.845173757837699e-01
-1.8742500000000002e-02 3.121310945068159e-01  7.013339452299084e-01
