-1.8747500000000000e-02 3.134527087564536e-01  7.108327224660765e-01
-1.8747500000000000e-02 3.457250513995443e-01  7.257892974728442e-01
-1.8747500000000000e-02 3.745695948496838e-01  7.328501237729819e-01
-1.8747500000000000e-02 3.927162444163725e-01  7.289475529477418e-01
-1.8747500000000000e-02 3.985284376414664e-01  7.135205439484671e-01
-1.8747500000000000e-02 3.936909071110169e-01  6.879671763486191e-01
-1.8747500000000000e-02 3.810634203472014e-01  6.568327416168217e-01
-1.8747500000000000e-02 3.642048530010343e-01  6.280502783902745e-01
-1.8747500000000000e-02 3.463599592105410e-01  6.086349050853508e-01
-1.8747500000000000e-02 3.288486142750522e-01  6.010827725572060e-01
-1.8747500000000000e-02 3.111933321185451e-01  6.046552466481219e-01
-1.8747500000000000e-02 2.931624773367007e-01  6.170813515781794e-01
-1.8747500000000000e-02 2.770130330274294e-01  6.345118925863198e-01
-1.8747500000000000e-02 2.675473394222187e-01  6.528743927001752e-01
-1.8747500000000000e-02 2.687130967053965e-01  6.706146792643243e-01
-1.8747500000000000e-02 2.818072838641956e-01  6.883910134815370e-01
-1.8747500000000000e-02 3.061304410569026e-01  7.065332411849778e-01
-1.8747500000000000e-02 3.377682090671635e-01  7.226807377502091e-01
-1.8747500000000000e-02 3.683150163906773e-01  7.320668522982200e-01
-1.8747500000000000e-02 3.894350012013201e-01  7.309785894186371e-01
-1.8747500000000000e-02 3.981815938827054e-01  7.183236487444393e-01
-1.8747500000000000e-02 3.957185522875684e-01  6.949806918736153e-01
-1.8747500000000000e-02 3.846882887720667e-01  6.645694284523193e-01
-1.8747500000000000e-02 3.685240272551747e-01  6.344291495817953e-01
-1.8747500000000000e-02 3.507062272112760e-01  6.123107334432631e-01
-1.8747500000000000e-02 3.331146761542512e-01  6.018438894785677e-01
-1.8747500000000000e-02 3.155671091700192e-01  6.028516381645532e-01
-1.8747500000000000e-02 2.975444924960436e-01  6.134042110876844e-01
