-1.8735000000000002e-02 3.314449616027063e-01  6.657340533159164e-01
-1.8735000000000002e-02 3.315165821376936e-01  6.666860116971342e-01
-1.8735000000000002e-02 3.320728791086615e-01  6.676339817056727e-01
-1.8735000000000002e-02 3.329686097744434e-01  6.683310100314941e-01
-1.8735000000000002e-02 3.339633350983590e-01  6.685922831949538e-01
-1.8735000000000002e-02 3.347885781686332e-01  6.683441390669689e-01
-1.8735000000000002e-02 3.352240580560792e-01  6.676476767169374e-01
-1.8735000000000002e-02 3.351576631574925e-01  6.666867283572027e-01
-1.8735000000000002e-02 3.346116871097085e-01  6.657194055391448e-01
-1.8735000000000002e-02 3.337318914488181e-01  6.650059280744467e-01
-1.8735000000000002e-02 3.327473537107096e-01  6.647356591962730e-01
-1.8735000000000002e-02 3.319133515491046e-01  6.649766786840910e-01
-1.8735000000000002e-02 3.314490042394452e-01  6.656615102618544e-01
-1.8735000000000002e-02 3.314810569319777e-01  6.666090101157824e-01
-1.8735000000000002e-02 3.320068664173039e-01  6.675725228064839e-01
-1.8735000000000002e-02 3.328897010834516e-01  6.683012323178371e-01
-1.8735000000000002e-02 3.338928391990607e-01  6.686023348637731e-01
-1.8735000000000002e-02 3.347454546643606e-01  6.683917846585734e-01
-1.8735000000000002e-02 3.352196094876321e-01  6.677205011181389e-01
-1.8735000000000002e-02 3.351926763885299e-01  6.667652580572543e-01
-1.8735000000000002e-02 3.346766406715311e-01  6.657824747510301e-01
-1.8735000000000002e-02 3.338097543712600e-01  6.650366574555260e-01
-1.8735000000000002e-02 3.328179544083825e-01  6.647260943870879e-01
-1.8735000000000002e-02 3.319582915936110e-01  6.649296949340360e-01
-1.8735000000000002e-02 3.314562325138928e-01  6.655896818274454e-01
-1.8735000000000002e-02 3.314481882107929e-01  6.665311168293080e-01
-1.8735000000000002e-02 3.319422470821675e-01  6.675087925717863e-01
-1.8735000000000002e-02 3.328105200443763e-01  6.682683731608637e-01
