-1.8760000000000002e-02 3.148268703019387e-01  5.838082897065568e-01
-1.8760000000000002e-02 2.989467324587619e-01  5.944474408225472e-01
-1.8760000000000002e-02 2.809009465374335e-01  6.106845758128359e-01
-1.8760000000000002e-02 2.630923075095595e-01  6.291444223959908e-01
-1.8760000000000002e-02 2.501921428349151e-01  6.462225787801499e-01
-1.8760000000000002e-02 2.455739618179262e-01  6.609135299799535e-01
-1.8760000000000002e-02 2.500432730579752e-01  6.745041030718585e-01
-1.8760000000000002e-02 2.637046411727966e-01  6.889154233060669e-01
-1.8760000000000002e-02 2.869172640014545e-01  7.055660373875021e-01
-1.8760000000000002e-02 3.189806948069958e-01  7.240613587873955e-01
-1.8760000000000002e-02 3.551434679907772e-01  7.409814430601819e-01
-1.8760000000000002e-02 3.867924599841416e-01  7.516902139111251e-01
-1.8760000000000002e-02 4.078406242248777e-01  7.537342799452970e-01
-1.8760000000000002e-02 4.177498494408496e-01  7.467890747153054e-01
-1.8760000000000002e-02 4.183639501175428e-01  7.308660378046034e-01
-1.8760000000000002e-02 4.113968679592673e-01  7.059293349059349e-01
-1.8760000000000002e-02 3.983849292468927e-01  6.734825550381034e-01
-1.8760000000000002e-02 3.816091674146243e-01  6.387788012302896e-01
-1.8760000000000002e-02 3.641516493315177e-01  6.094262460405897e-01
-1.8760000000000002e-02 3.483388837947162e-01  5.901759750271319e-01
-1.8760000000000002e-02 3.343236112286012e-01  5.813506376129879e-01
-1.8760000000000002e-02 3.206856511956235e-01  5.814891759334828e-01
-1.8760000000000002e-02 3.057098512190041e-01  5.893114915490502e-01
-1.8760000000000002e-02 2.884377283357358e-01  6.035661676107231e-01
-1.8760000000000002e-02 2.700384654864085e-01  6.216210099952684e-01
-1.8760000000000002e-02 2.545722114837779e-01  6.395635980321084e-01
-1.8760000000000002e-02 2.463660489751881e-01  6.551615167858502e-01
-1.8760000000000002e-02 2.471231628574310e-01  6.689737992926265e-01
