-1.8749999999999999e-02 2.643557247027452e-01  6.475400277307548e-01
-1.8749999999999999e-02 2.619098880863112e-01  6.650245413413350e-01
-1.8749999999999999e-02 2.709225946894039e-01  6.821555351534397e-01
-1.8749999999999999e-02 2.914595782914811e-01  7.001202831037413e-01
-1.8749999999999999e-02 3.216827140275997e-01  7.181954079816830e-01
-1.8749999999999999e-02 3.553983267883492e-01  7.324497322651513e-01
-1.8749999999999999e-02 3.832462724908152e-01  7.381280347768240e-01
-1.8749999999999999e-02 3.993773031852352e-01  7.328500297724452e-01
-1.8749999999999999e-02 4.034496193559092e-01  7.163541162259122e-01
-1.8749999999999999e-02 3.974673371055787e-01  6.898416947734984e-01
-1.8749999999999999e-02 3.841638733231952e-01  6.574960100916423e-01
-1.8749999999999999e-02 3.669734643755860e-01  6.271306707051308e-01
-1.8749999999999999e-02 3.491509416646142e-01  6.059386954436574e-01
-1.8749999999999999e-02 3.320362606053649e-01  5.965208270557444e-01
-1.8749999999999999e-02 3.149434461595927e-01  5.981865065376561e-01
-1.8749999999999999e-02 2.969663429782707e-01  6.090626978713396e-01
-1.8749999999999999e-02 2.791884972403773e-01  6.259420447012056e-01
-1.8749999999999999e-02 2.658019917887123e-01  6.444970834594824e-01
-1.8749999999999999e-02 2.615394905657188e-01  6.621570410195258e-01
-1.8749999999999999e-02 2.685960699585446e-01  6.792475347477789e-01
-1.8749999999999999e-02 2.872519784915348e-01  6.970425188961897e-01
-1.8749999999999999e-02 3.161390947817679e-01  7.152921327221712e-01
-1.8749999999999999e-02 3.499096105409268e-01  7.305507550648147e-01
-1.8749999999999999e-02 3.793185472553456e-01  7.379106824302928e-01
-1.8749999999999999e-02 3.975523703054773e-01  7.345261998372942e-01
-1.8749999999999999e-02 4.035333244043205e-01  7.198744251376232e-01
-1.8749999999999999e-02 3.990637863572803e-01  6.948580373804156e-01
-1.8749999999999999e-02 3.867644218369012e-01  6.630173916788247e-01
