-1.8745000000000001e-02 3.614391813464041e-01  6.301752405056918e-01
-1.8745000000000001e-02 3.437640169494560e-01  6.125812366061349e-01
-1.8745000000000001e-02 3.260668078991005e-01  6.067366634922146e-01
-1.8745000000000001e-02 3.082726203358734e-01  6.118466834363085e-01
-1.8745000000000001e-02 2.910036032027341e-01  6.252152884914106e-01
-1.8745000000000001e-02 2.775032287576754e-01  6.426846831347597e-01
-1.8745000000000001e-02 2.725414383402141e-01  6.607987090989511e-01
-1.8745000000000001e-02 2.790915430389690e-01  6.786792573224949e-01
-1.8745000000000001e-02 2.974690456716291e-01  6.966022231690430e-01
-1.8745000000000001e-02 3.251578340085084e-01  7.132743219319293e-01
-1.8745000000000001e-02 3.553550769981527e-01  7.246701007232620e-01
-1.8745000000000001e-02 3.790993488328226e-01  7.264648006657506e-01
-1.8745000000000001e-02 3.912277897658657e-01  7.167327279279607e-01
-1.8745000000000001e-02 3.916176496626961e-01  6.960498081800651e-01
-1.8745000000000001e-02 3.826175826342106e-01  6.678384703482327e-01
-1.8745000000000001e-02 3.676285254734573e-01  6.391084070740133e-01
-1.8745000000000001e-02 3.501935168268263e-01  6.176315766473871e-01
-1.8745000000000001e-02 3.324711911224547e-01  6.074999681865191e-01
-1.8745000000000001e-02 3.147316596693469e-01  6.088628780264019e-01
-1.8745000000000001e-02 2.970551610981433e-01  6.196652212001719e-01
-1.8745000000000001e-02 2.816471931908741e-01  6.361541858518661e-01
-1.8745000000000001e-02 2.731016340087637e-01  6.542721344620758e-01
-1.8745000000000001e-02 2.753199655668606e-01  6.722074149635900e-01
-1.8745000000000001e-02 2.895292892486734e-01  6.901277689240674e-01
-1.8745000000000001e-02 3.143860789147347e-01  7.075894278802661e-01
-1.8745000000000001e-02 3.447209726850219e-01  7.214632418277899e-01
-1.8745000000000001e-02 3.717010718968543e-01  7.271047599189480e-01
-1.8745000000000001e-02 3.882637730064208e-01  7.216011401606651e-01
