-1.8737500000000001e-02 3.565736339619020e-01  6.552460804749823e-01
-1.8737500000000001e-02 3.448168919897467e-01  6.412874878526179e-01
-1.8737500000000001e-02 3.313144081478056e-01  6.344757145862296e-01
-1.8737500000000001e-02 3.179866191341911e-01  6.358115738814368e-01
-1.8737500000000001e-02 3.069060925542014e-01  6.439129426183637e-01
-1.8737500000000001e-02 3.008235579545445e-01  6.561195084178612e-01
-1.8737500000000001e-02 3.023014172285829e-01  6.698658614987366e-01
-1.8737500000000001e-02 3.120874176663008e-01  6.831713923353714e-01
-1.8737500000000001e-02 3.281473362772189e-01  6.938858418195694e-01
-1.8737500000000001e-02 3.457675180542335e-01  6.992621347684128e-01
-1.8737500000000001e-02 3.594181274508818e-01  6.970031840417340e-01
-1.8737500000000001e-02 3.655565115975848e-01  6.867301429479256e-01
-1.8737500000000001e-02 3.636786900250919e-01  6.706750563183670e-01
-1.8737500000000001e-02 3.554427492833253e-01  6.533984628266034e-01
-1.8737500000000001e-02 3.433648402421790e-01  6.400830258793103e-01
-1.8737500000000001e-02 3.297756029638580e-01  6.341784710576400e-01
-1.8737500000000001e-02 3.165687398450318e-01  6.363811829246792e-01
-1.8737500000000001e-02 3.058854836301019e-01  6.450968932053063e-01
-1.8737500000000001e-02 3.005308051337531e-01  6.576065003635808e-01
-1.8737500000000001e-02 3.029463452300034e-01  6.714115473912157e-01
-1.8737500000000001e-02 3.136018615901551e-01  6.845623995738541e-01
-1.8737500000000001e-02 3.301320556430570e-01  6.948379736461836e-01
-1.8737500000000001e-02 3.475952802308887e-01  6.994619322126002e-01
-1.8737500000000001e-02 3.605462090080120e-01  6.962831770966321e-01
-1.8737500000000001e-02 3.657720776554818e-01  6.851941795255793e-01
-1.8737500000000001e-02 3.630735864805800e-01  6.687238559498976e-01
-1.8737500000000001e-02 3.542711475744959e-01  6.516206424428731e-01
-1.8737500000000001e-02 3.419066843094193e-01  6.389890214798448e-01
