-1.8755000000000001e-02 2.628715998674576e-01  6.822630517066322e-01
-1.8755000000000001e-02 2.827915621371997e-01  6.992640602182807e-01
-1.8755000000000001e-02 3.126083321003362e-01  7.177445842668354e-01
-1.8755000000000001e-02 3.479561548238941e-01  7.346533126185867e-01
-1.8755000000000001e-02 3.800292383457818e-01  7.450763676411641e-01
-1.8755000000000001e-02 4.015824324009261e-01  7.459350019287265e-01
-1.8755000000000001e-02 4.111839906819509e-01  7.365317611838668e-01
-1.8755000000000001e-02 4.104838197497475e-01  7.169546933205374e-01
-1.8755000000000001e-02 4.015121324892469e-01  6.881585422984394e-01
-1.8755000000000001e-02 3.866234302196300e-01  6.541246673027049e-01
-1.8755000000000001e-02 3.689867742906986e-01  6.224975492129617e-01
-1.8755000000000001e-02 3.516548735578069e-01  6.000835322798990e-01
-1.8755000000000001e-02 3.357401653637793e-01  5.890040168056085e-01
-1.8755000000000001e-02 3.202736616285877e-01  5.883233076335737e-01
-1.8755000000000001e-02 3.036924726481623e-01  5.965364947606547e-01
-1.8755000000000001e-02 2.854951170486965e-01  6.116683719829722e-01
-1.8755000000000001e-02 2.679406313614618e-01  6.301383727754276e-01
-1.8755000000000001e-02 2.558689313643588e-01  6.480481151395137e-01
-1.8755000000000001e-02 2.530594884760133e-01  6.641560796360663e-01
-1.8755000000000001e-02 2.606599078846700e-01  6.796904828840459e-01
-1.8755000000000001e-02 2.788728579542972e-01  6.963982669127499e-01
-1.8755000000000001e-02 3.072564020359838e-01  7.147557504280987e-01
-1.8755000000000001e-02 3.422332180200913e-01  7.322474337421060e-01
-1.8755000000000001e-02 3.754585659382741e-01  7.440008205299468e-01
-1.8755000000000001e-02 3.989422050662537e-01  7.464876958777339e-01
-1.8755000000000001e-02 4.103881962881226e-01  7.387378011514913e-01
-1.8755000000000001e-02 4.112078331391687e-01  7.207754512129764e-01
-1.8755000000000001e-02 4.034266427252582e-01  6.933035352795043e-01
