-1.871000000000000e-02 1.500010695764311e-01  4.833283714393558e-01
-1.871000000000000e-02 1.011706853403770e-01  5.675087359294160e-01
-1.871000000000000e-02 7.785962025206129e-02  5.898336301560483e-01
-1.871000000000000e-02 6.743220779151141e-02  5.940252787274490e-01
-1.871000000000000e-02 6.031384133835250e-02  5.928814118446843e-01
-1.871000000000000e-02 5.417112394125685e-02  5.901605568171966e-01
-1.871000000000000e-02 4.845150368766513e-02  5.870684819230699e-01
-1.871000000000000e-02 4.306760192985599e-02  5.840228973361441e-01
-1.871000000000000e-02 3.805661265406305e-02  5.811827970471253e-01
-1.871000000000000e-02 3.345110332966723e-02  5.786026710400429e-01
-1.871000000000000e-02 2.926517595226688e-02  5.762968369644997e-01
-1.871000000000000e-02 2.551233402173517e-02  5.742628271280834e-01
-1.871000000000000e-02 2.216751208496623e-02  5.724848134633856e-01
-1.871000000000000e-02 1.922258939944893e-02  5.709395439612887e-01
-1.871000000000000e-02 1.663373202219571e-02  5.696018712320385e-01
-1.871000000000000e-02 1.435985986722202e-02  5.684489514743502e-01
-1.871000000000000e-02 1.239709319896655e-02  5.674578624931258e-01
-1.871000000000000e-02 1.068964016230044e-02  5.666067811868639e-01


-1.871000000000000e-02 1.500000287915115e-01  5.749982705020088e-01
-1.871000000000000e-02 1.177190648467194e-01  6.068929647060094e-01
-1.871000000000000e-02 1.067330528911503e-01  6.161450314498902e-01
-1.871000000000000e-02 1.018368905738498e-01  6.181773680830582e-01
-1.871000000000000e-02 9.848772217505770e-02  6.176920100307295e-01
-1.871000000000000e-02 9.529431032181983e-02  6.161685263089448e-01
-1.871000000000000e-02 9.180031150898553e-02  6.140819543114089e-01
-1.871000000000000e-02 8.784722709977846e-02  6.115869711674773e-01
-1.871000000000000e-02 8.339698406900910e-02  6.087499127667951e-01
-1.871000000000000e-02 7.848188432390549e-02  6.056235551468697e-01
-1.871000000000000e-02 7.316878175359035e-02  6.022714149858900e-01
-1.871000000000000e-02 6.756223346241978e-02  5.987725295166730e-01
-1.871000000000000e-02 6.179711497219369e-02  5.952194693296826e-01
-1.871000000000000e-02 5.600829157525748e-02  5.917038390142959e-01
-1.871000000000000e-02 5.032364368773330e-02  5.883100391764055e-01
-1.871000000000000e-02 4.487256450192713e-02  5.851100862224711e-01
-1.871000000000000e-02 3.974475681416202e-02  5.821537073039184e-01
-1.871000000000000e-02 3.498832755915568e-02  5.794662892676048e-01


