-1.876000000000000e-02 1.499983629634210e-01  4.833313899784405e-01
-1.876000000000000e-02 1.163344671972068e-01  5.522515509507023e-01
-1.876000000000000e-02 8.678519732087173e-02  5.735681016923395e-01
-1.876000000000000e-02 6.840498206605530e-02  5.770004113058737e-01
-1.876000000000000e-02 5.516177039050128e-02  5.746161871118661e-01
-1.876000000000000e-02 4.464302237613172e-02  5.706900340984411e-01
-1.876000000000000e-02 3.603964096409282e-02  5.667583388761865e-01
-1.876000000000000e-02 2.897495994499953e-02  5.633150561043074e-01
-1.876000000000000e-02 2.320261961688535e-02  5.604639698308772e-01
-1.876000000000000e-02 1.853695392356809e-02  5.581729295659368e-01
-1.876000000000000e-02 1.477072453422038e-02  5.563458934281538e-01
-1.876000000000000e-02 1.176008370175040e-02  5.548985908767322e-01
-1.876000000000000e-02 9.347814929650654e-03  5.537643725812661e-01
-1.876000000000000e-02 7.422240716420191e-03  5.528671438129029e-01
-1.876000000000000e-02 5.899543797199413e-03  5.521561637061050e-01
-1.876000000000000e-02 4.685332680480297e-03  5.515962724448699e-01
-1.876000000000000e-02 3.719814818066051e-03  5.511552899186798e-01
-1.876000000000000e-02 2.952207436635814e-03  5.508073305684738e-01
-1.876000000000000e-02 2.342186755685756e-03  5.505322588119370e-01
-1.876000000000000e-02 1.856570533334516e-03  5.503141853879695e-01
-1.876000000000000e-02 1.467747119682414e-03  5.501409802229663e-01
-1.876000000000000e-02 1.154999374917664e-03  5.500036302176546e-01
-1.876000000000000e-02 9.039922849648536e-04  5.498951391164137e-01
-1.876000000000000e-02 7.040202123473032e-04  5.498097899859558e-01
-1.876000000000000e-02 5.461233273157843e-04  5.497428744437274e-01
-1.876000000000000e-02 4.224295975578538e-04  5.496905617918312e-01
-1.876000000000000e-02 3.261150458971149e-04  5.496497702458577e-01
-1.876000000000000e-02 2.514393014620705e-04  5.496180377110063e-01
-1.876000000000000e-02 1.937061916107751e-04  5.495934050718273e-01
-1.876000000000000e-02 1.491539602375893e-04  5.495743188968779e-01
-1.876000000000000e-02 1.148131108256520e-04  5.495595528662311e-01
-1.876000000000000e-02 8.836210516136798e-05  5.495481434480122e-01
-1.876000000000000e-02 6.799715651079737e-05  5.495393362247737e-01
-1.876000000000000e-02 5.232211734873351e-05  5.495325428885697e-01
-1.876000000000000e-02 4.025888321092380e-05  5.495273063157554e-01
-1.876000000000000e-02 3.097613830383688e-05  5.495232713791474e-01
-1.876000000000000e-02 2.383341818655560e-05  5.495201633099442e-01
-1.876000000000000e-02 1.833755876990959e-05  5.495177701261604e-01
-1.876000000000000e-02 1.410894031684733e-05  5.495159278131377e-01
-1.876000000000000e-02 1.085540193186166e-05  5.495145094691389e-01
-1.876000000000000e-02 8.352116266951981e-06  5.495134179522794e-01
-1.876000000000000e-02 6.426088078803259e-06  5.495125778539313e-01
-1.876000000000000e-02 4.944205442510417e-06  5.495119314455761e-01
-1.876000000000000e-02 3.804050627435647e-06  5.495114335836725e-01
-1.876000000000000e-02 2.926818605794066e-06  5.495110506024730e-01
-1.876000000000000e-02 2.251879889575282e-06  5.495107560381293e-01
-1.876000000000000e-02 1.732586512318925e-06  5.495105295508019e-01
-1.876000000000000e-02 1.333042633875165e-06  5.495103553309426e-01


-1.876000000000000e-02 1.907382739788211e-01  4.833317517156085e-01
-1.876000000000000e-02 1.621079486367368e-01  5.555688107820803e-01
-1.876000000000000e-02 1.253532167254197e-01  5.846118697250146e-01
-1.876000000000000e-02 1.009448797923757e-01  5.911166092486734e-01
-1.876000000000000e-02 8.346928854095642e-02  5.888876740019114e-01
-1.876000000000000e-02 6.923825610739721e-02  5.836975000364234e-01
-1.876000000000000e-02 5.707377940409716e-02  5.779421775860727e-01
-1.876000000000000e-02 4.663873139178095e-02  5.725944825841400e-01
-1.876000000000000e-02 3.780810177238753e-02  5.679928392328056e-01
-1.876000000000000e-02 3.045740358433186e-02  5.641903765707874e-01
-1.876000000000000e-02 2.442772130234878e-02  5.611200761299077e-01
-1.876000000000000e-02 1.953053117709690e-02  5.586733003428735e-01
-1.876000000000000e-02 1.556564901903075e-02  5.567337766995589e-01
-1.876000000000000e-02 1.239690486084973e-02  5.552041902440340e-01
-1.876000000000000e-02 9.859690831353636e-03  5.540018732251778e-01
-1.876000000000000e-02 7.822843220348097e-03  5.530544601387101e-01
-1.876000000000000e-02 6.221446795003122e-03  5.523054173659676e-01
-1.876000000000000e-02 4.941307795276471e-03  5.517137438529518e-01
-1.876000000000000e-02 3.923364221065154e-03  5.512479203570305e-01
-1.876000000000000e-02 3.113998851126380e-03  5.508804781535105e-01
-1.876000000000000e-02 2.470773989788898e-03  5.505901468814847e-01
-1.876000000000000e-02 1.959116350479795e-03  5.503601327893966e-01
-1.876000000000000e-02 1.550074014896329e-03  5.501774726024390e-01
-1.876000000000000e-02 1.221231065507697e-03  5.500325279300025e-01
-1.876000000000000e-02 9.570242235918228e-04  5.499179259278625e-01
-1.876000000000000e-02 7.461172802648530e-04  5.498276895260656e-01
-1.876000000000000e-02 5.792484203572436e-04  5.497568909897087e-01
-1.876000000000000e-02 4.483078740724589e-04  5.497015075424145e-01
-1.876000000000000e-02 3.462251726705775e-04  5.496582968900794e-01
-1.876000000000000e-02 2.670102334708112e-04  5.496246646632432e-01
-1.876000000000000e-02 2.057337282834308e-04  5.495985452316237e-01
-1.876000000000000e-02 1.584303427122027e-04  5.495782989595660e-01
-1.876000000000000e-02 1.219608688640580e-04  5.495626303978615e-01
-1.876000000000000e-02 9.386649158044330e-05  5.495505203917039e-01
-1.876000000000000e-02 7.223450095825209e-05  5.495411704590933e-01
-1.876000000000000e-02 5.558337298333135e-05  5.495339573988406e-01
-1.876000000000000e-02 4.276856966318068e-05  5.495283964772465e-01
-1.876000000000000e-02 3.290730450412065e-05  5.495241113070841e-01
-1.876000000000000e-02 2.531935201751393e-05  5.495208102438892e-01
-1.876000000000000e-02 1.948087701857217e-05  5.495182682037772e-01
-1.876000000000000e-02 1.498862570539335e-05  5.495163111892497e-01
-1.876000000000000e-02 1.153223741245413e-05  5.495148046404146e-01
-1.876000000000000e-02 8.872875189554142e-06  5.495136450626265e-01
-1.876000000000000e-02 6.826759256138606e-06  5.495127526652948e-01
-1.876000000000000e-02 5.252482255527514e-06  5.495120658970132e-01
-1.876000000000000e-02 4.041235969921852e-06  5.495115371757602e-01
-1.876000000000000e-02 3.109308805290128e-06  5.495111302664311e-01
-1.876000000000000e-02 2.392286926333162e-06  5.495108173093126e-01


-1.876000000000000e-02 2.314816067384947e-01  4.833283375856334e-01
-1.876000000000000e-02 2.157974046735728e-01  5.497129843003197e-01
-1.876000000000000e-02 1.801260039218130e-01  5.903129967963945e-01
-1.876000000000000e-02 1.498882713963118e-01  6.069028061426885e-01
-1.876000000000000e-02 1.288581565255003e-01  6.098974495762006e-01
-1.876000000000000e-02 1.121283600634448e-01  6.064216076762875e-01
-1.876000000000000e-02 9.705073673628310e-02  6.000901645899694e-01
-1.876000000000000e-02 8.289199112221463e-02  5.927859424424892e-01
-1.876000000000000e-02 6.971715648720613e-02  5.855471861614812e-01
-1.876000000000000e-02 5.781341583401605e-02  5.789373124850142e-01
-1.876000000000000e-02 4.737404039626609e-02  5.732080709304727e-01
-1.876000000000000e-02 3.845828473767394e-02  5.684151174913353e-01
-1.876000000000000e-02 3.100674173416028e-02  5.645020994007648e-01
-1.876000000000000e-02 2.488023926453510e-02  5.613587114906891e-01
-1.876000000000000e-02 1.989781604548675e-02  5.588580701481146e-01
-1.876000000000000e-02 1.586303804102692e-02  5.568786076374200e-01
-1.876000000000000e-02 1.263541616472833e-02  5.553185576492659e-01
-1.876000000000000e-02 1.005103106240136e-02  5.540909147084799e-01
-1.876000000000000e-02 7.974397911917157e-03  5.531252533108788e-01
-1.876000000000000e-02 6.343084348858566e-03  5.523619873191533e-01
-1.876000000000000e-02 5.038055538301924e-03  5.517582308273142e-01
-1.876000000000000e-02 4.000298583251863e-03  5.512829814360757e-01
-1.876000000000000e-02 3.175155951431784e-03  5.509081548960245e-01
-1.876000000000000e-02 2.519373814863849e-03  5.506120388245791e-01
-1.876000000000000e-02 1.997839705799528e-03  5.503775016786229e-01
-1.876000000000000e-02 1.581132719850164e-03  5.501912695175430e-01
-1.876000000000000e-02 1.246222232227187e-03  5.500434602128540e-01
-1.876000000000000e-02 9.770573535928233e-04  5.499265521534370e-01
-1.876000000000000e-02 7.620424937527496e-04  5.498344694418484e-01
-1.876000000000000e-02 5.917957162604304e-04  5.497622025636306e-01
-1.876000000000000e-02 4.581199488364983e-04  5.497056574481997e-01
-1.876000000000000e-02 3.538555652028566e-04  5.496615308680779e-01
-1.876000000000000e-02 2.729211153545767e-04  5.496271789828482e-01
-1.876000000000000e-02 2.103009014316323e-04  5.496004959486137e-01
-1.876000000000000e-02 1.619535074727832e-04  5.495798097598922e-01
-1.876000000000000e-02 1.246759057179253e-04  5.495637989396909e-01
-1.876000000000000e-02 9.595745401735934e-05  5.495514230434654e-01
-1.876000000000000e-02 7.384422136694609e-05  5.495418671306753e-01
-1.876000000000000e-02 5.682232114727446e-05  5.495344946327321e-01
-1.876000000000000e-02 4.372201212795975e-05  5.495288105494068e-01
-1.876000000000000e-02 3.364097201187428e-05  5.495244302561727e-01
-1.876000000000000e-02 2.588387469684493e-05  5.495210558878295e-01
-1.876000000000000e-02 1.991523750475782e-05  5.495184573628261e-01
-1.876000000000000e-02 1.532282947577914e-05  5.495164566872452e-01
-1.876000000000000e-02 1.178937643798509e-05  5.495149166120171e-01
-1.876000000000000e-02 9.070718159916041e-06  5.495137312726842e-01
-1.876000000000000e-02 6.978980248959857e-06  5.495128190414709e-01
-1.876000000000000e-02 5.369600267057315e-06  5.495121168166891e-01


-1.876000000000000e-02 2.722179117428916e-01  4.833320300927227e-01
-1.876000000000000e-02 2.726499951482163e-01  5.316590204356906e-01
-1.876000000000000e-02 2.552574228083722e-01  5.707702647968445e-01
-1.876000000000000e-02 2.274865561476690e-01  6.029832235451776e-01
-1.876000000000000e-02 2.017407066961729e-01  6.238088457012764e-01
-1.876000000000000e-02 1.844426944314583e-01  6.342617153584970e-01
-1.876000000000000e-02 1.732765723379060e-01  6.381762378112033e-01
-1.876000000000000e-02 1.648605556474271e-01  6.382790219956704e-01
-1.876000000000000e-02 1.570236590446274e-01  6.359969084231050e-01
-1.876000000000000e-02 1.485485613212042e-01  6.319987557126708e-01
-1.876000000000000e-02 1.388021945375564e-01  6.266012480682015e-01
-1.876000000000000e-02 1.275638564969578e-01  6.200181708540599e-01
-1.876000000000000e-02 1.149805684276398e-01  6.125115886333872e-01
-1.876000000000000e-02 1.015034890385176e-01  6.044559053329174e-01
-1.876000000000000e-02 8.777392101827280e-02  5.963113197865015e-01
-1.876000000000000e-02 7.446574497399462e-02  5.885302800034459e-01
-1.876000000000000e-02 6.213076910789581e-02  5.814641531823778e-01
-1.876000000000000e-02 5.115120517354407e-02  5.753173616483805e-01
-1.876000000000000e-02 4.167308032623549e-02  5.701462855873474e-01
-1.876000000000000e-02 3.368762732970400e-02  5.659022384697987e-01
-1.876000000000000e-02 2.708039804882727e-02  5.624829261604243e-01
-1.876000000000000e-02 2.168017827488187e-02  5.597512841366227e-01
-1.876000000000000e-02 1.730878827012326e-02  5.575888156945883e-01
-1.876000000000000e-02 1.379893872036098e-02  5.558800742749896e-01
-1.876000000000000e-02 1.098224973785806e-02  5.545296356813620e-01
-1.876000000000000e-02 8.721646701741756e-03  5.534743293452893e-01
-1.876000000000000e-02 6.935384427828775e-03  5.526391628643201e-01
-1.876000000000000e-02 5.509835372449356e-03  5.519759656558862e-01
-1.876000000000000e-02 4.375457746039250e-03  5.514543882498797e-01
-1.876000000000000e-02 3.473419633487002e-03  5.510433714414442e-01
-1.876000000000000e-02 2.756388810914358e-03  5.507189147542124e-01
-1.876000000000000e-02 2.186489599665970e-03  5.504622322628698e-01
-1.876000000000000e-02 1.732194595974978e-03  5.502585751064621e-01
-1.876000000000000e-02 1.367764380126356e-03  5.500968354639425e-01
-1.876000000000000e-02 1.074619690686219e-03  5.499687109485024e-01
-1.876000000000000e-02 8.397667039629072e-04  5.498676333825014e-01
-1.876000000000000e-02 6.531595823271509e-04  5.497882025533909e-01
-1.876000000000000e-02 5.061853193426706e-04  5.497259827307915e-01
-1.876000000000000e-02 3.912778064922449e-04  5.496773792385518e-01
-1.876000000000000e-02 3.019334305212850e-04  5.496395075271676e-01
-1.876000000000000e-02 2.327295662556403e-04  5.496100657778906e-01
-1.876000000000000e-02 1.792609084865055e-04  5.495872245382420e-01
-1.876000000000000e-02 1.380161312567702e-04  5.495695350750300e-01
-1.876000000000000e-02 1.062325983196022e-04  5.495558551410596e-01
-1.876000000000000e-02 8.175510841799419e-05  5.495452883428581e-01
-1.876000000000000e-02 6.291135266156271e-05  5.495371336662718e-01
-1.876000000000000e-02 4.840800721256129e-05  5.495308448321814e-01
-1.876000000000000e-02 3.724687154620461e-05  5.495259977009277e-01


-1.876000000000000e-02 1.500000573520487e-01  5.240708585138265e-01
-1.876000000000000e-02 1.123148011017870e-01  5.684061031505143e-01
-1.876000000000000e-02 8.670256552486097e-02  5.800891596342642e-01
-1.876000000000000e-02 6.973028246032464e-02  5.800844682565989e-01
-1.876000000000000e-02 5.675294970392843e-02  5.763399041666213e-01
-1.876000000000000e-02 4.613386679816833e-02  5.718012285468357e-01
-1.876000000000000e-02 3.731671350014071e-02  5.675441503696993e-01
-1.876000000000000e-02 3.003073942653391e-02  5.639016316443851e-01
-1.876000000000000e-02 2.407212094619973e-02  5.609159798690875e-01
-1.876000000000000e-02 1.924107968367219e-02  5.585221700432423e-01
-1.876000000000000e-02 1.533193775920805e-02  5.566180517857717e-01
-1.876000000000000e-02 1.220954065792689e-02  5.551136390518323e-01
-1.876000000000000e-02 9.709186733315356e-03  5.539317360065060e-01
-1.876000000000000e-02 7.704356283331513e-03  5.529990105794462e-01
-1.876000000000000e-02 6.126224032903343e-03  5.522611776509605e-01
-1.876000000000000e-02 4.865580903690625e-03  5.516789487275596e-01
-1.876000000000000e-02 3.863145968561025e-03  5.512204935592863e-01
-1.876000000000000e-02 3.066131952212195e-03  5.508588252638660e-01
-1.876000000000000e-02 2.432733746239256e-03  5.505730160210632e-01
-1.876000000000000e-02 1.928794370044899e-03  5.503465385251527e-01
-1.876000000000000e-02 1.525742121434555e-03  5.501666746674084e-01
-1.876000000000000e-02 1.201653717659734e-03  5.500239746268878e-01
-1.876000000000000e-02 9.413391213128809e-04  5.499111791708334e-01
-1.876000000000000e-02 7.336571238233761e-04  5.498223882682886e-01
-1.876000000000000e-02 5.694373801372168e-04  5.497527387088811e-01
-1.876000000000000e-02 4.406393242283423e-04  5.496982644705131e-01
-1.876000000000000e-02 3.402637754454998e-04  5.496557699560577e-01
-1.876000000000000e-02 2.623933181343006e-04  5.496227004478262e-01
-1.876000000000000e-02 2.021669095810231e-04  5.495970213271635e-01
-1.876000000000000e-02 1.556791238340802e-04  5.495771188774411e-01
-1.876000000000000e-02 1.198408368373800e-04  5.495617178794019e-01
-1.876000000000000e-02 9.223382653800145e-05  5.495498155548962e-01
-1.876000000000000e-02 7.097762729306796e-05  5.495406265067162e-01
-1.876000000000000e-02 5.461601095597419e-05  5.495335379008823e-01
-1.876000000000000e-02 4.202413365714583e-05  5.495280731261623e-01
-1.876000000000000e-02 3.233447072805394e-05  5.495238621208544e-01
-1.876000000000000e-02 2.487858425152096e-05  5.495206184859064e-01
-1.876000000000000e-02 1.914173782538556e-05  5.495181205749146e-01
-1.876000000000000e-02 1.472768675080984e-05  5.495161974998719e-01
-1.876000000000000e-02 1.133146948445037e-05  5.495147171166662e-01
-1.876000000000000e-02 8.718404207820694e-06  5.495135776967750e-01
-1.876000000000000e-02 6.707908623707845e-06  5.495127008078635e-01
-1.876000000000000e-02 5.161038316853674e-06  5.495120260184626e-01
-1.876000000000000e-02 3.970881251544858e-06  5.495115063956997e-01
-1.876000000000000e-02 3.055176771082621e-06  5.495111066185161e-01
-1.876000000000000e-02 2.350639100315459e-06  5.495107991226974e-01
-1.876000000000000e-02 1.808570093766129e-06  5.495105627014012e-01
-1.876000000000000e-02 1.391505644313110e-06  5.495103808249199e-01


-1.876000000000000e-02 1.907381848507408e-01  5.240712125776603e-01
-1.876000000000000e-02 1.533412300159725e-01  5.749884252273740e-01
-1.876000000000000e-02 1.214595820659101e-01  5.924048334577068e-01
-1.876000000000000e-02 1.001133734174224e-01  5.944098520533178e-01
-1.876000000000000e-02 8.372114596023059e-02  5.904399122674270e-01
-1.876000000000000e-02 6.980272769113031e-02  5.845404020864078e-01
-1.876000000000000e-02 5.767851496939441e-02  5.784718523822384e-01
-1.876000000000000e-02 4.719328796935687e-02  5.729664213310315e-01
-1.876000000000000e-02 3.828595583328861e-02  5.682714336102194e-01
-1.876000000000000e-02 3.085753097544085e-02  5.644060336448309e-01
-1.876000000000000e-02 2.475634920329134e-02  5.612892157232846e-01
-1.876000000000000e-02 1.979691357953389e-02  5.588057366512198e-01
-1.876000000000000e-02 1.578116973149352e-02  5.568381345703810e-01
-1.876000000000000e-02 1.256969861615998e-02  5.552868307720360e-01
-1.876000000000000e-02 9.998329682128973e-03  5.540662855472309e-01
-1.876000000000000e-02 7.932551679910452e-03  5.531056784862730e-01
-1.876000000000000e-02 6.309524651826591e-03  5.523463572889492e-01
-1.876000000000000e-02 5.011360592137960e-03  5.517459463112576e-01
-1.876000000000000e-02 3.979070517311201e-03  5.512733027689826e-01
-1.876000000000000e-02 3.158280894075893e-03  5.509005158479274e-01
-1.876000000000000e-02 2.505963866303137e-03  5.506059972711381e-01
-1.876000000000000e-02 1.987156600424718e-03  5.503727088603916e-01
-1.876000000000000e-02 1.572565851072949e-03  5.501874624782742e-01
-1.876000000000000e-02 1.239328861505357e-03  5.500404433729302e-01
-1.876000000000000e-02 9.715304395192050e-04  5.499241713655124e-01
-1.876000000000000e-02 7.576476870884775e-04  5.498325979932090e-01
-1.876000000000000e-02 5.883322147768762e-04  5.497607362980657e-01
-1.876000000000000e-02 4.554109250696667e-04  5.497045116985495e-01
-1.876000000000000e-02 3.517485853956234e-04  5.496606379176543e-01
-1.876000000000000e-02 2.712887864983616e-04  5.496264847615605e-01
-1.876000000000000e-02 2.090395680098855e-04  5.495999573120071e-01
-1.876000000000000e-02 1.609804648146983e-04  5.495793925607118e-01
-1.876000000000000e-02 1.239260362115428e-04  5.495634762767625e-01
-1.876000000000000e-02 9.537993974857691e-05  5.495511737618660e-01
-1.876000000000000e-02 7.339962124588143e-05  5.495416747830727e-01
-1.876000000000000e-02 5.648012496443531e-05  5.495343462818786e-01
-1.876000000000000e-02 4.345867046304683e-05  5.495286961989331e-01
-1.876000000000000e-02 3.343833221693850e-05  5.495243423039172e-01
-1.876000000000000e-02 2.572795233039720e-05  5.495209881120144e-01
-1.876000000000000e-02 1.979526567258912e-05  5.495184051373643e-01
-1.876000000000000e-02 1.523052110839490e-05  5.495164164644041e-01
-1.876000000000000e-02 1.171835387863778e-05  5.495148856680875e-01
-1.876000000000000e-02 9.016074047745381e-06  5.495137074657814e-01
-1.876000000000000e-02 6.936935653233774e-06  5.495128007134731e-01
-1.876000000000000e-02 5.337251785154396e-06  5.495121024875815e-01
-1.876000000000000e-02 4.106458512370416e-06  5.495115655332391e-01
-1.876000000000000e-02 3.159490304470908e-06  5.495111521379014e-01
-1.876000000000000e-02 2.430897074260119e-06  5.495108341491307e-01


-1.876000000000000e-02 2.314777284275239e-01  5.240717052815127e-01
-1.876000000000000e-02 2.025784141190039e-01  5.759252124296184e-01
-1.876000000000000e-02 1.681388832873451e-01  6.029811416953159e-01
-1.876000000000000e-02 1.434222615010878e-01  6.119163777663736e-01
-1.876000000000000e-02 1.252865235371473e-01  6.114386640979567e-01
-1.876000000000000e-02 1.097129912837700e-01  6.064568752641664e-01
-1.876000000000000e-02 9.509093616785108e-02  5.995061918934869e-01
-1.876000000000000e-02 8.115464873907757e-02  5.919926342230248e-01
-1.876000000000000e-02 6.816645443694130e-02  5.847395710585702e-01
-1.876000000000000e-02 5.644464365225296e-02  5.782009400104459e-01
-1.876000000000000e-02 4.619205156596809e-02  5.725757571685998e-01
-1.876000000000000e-02 3.746186350643482e-02  5.678914955284762e-01
-1.876000000000000e-02 3.017904157057914e-02  5.640765841252066e-01
-1.876000000000000e-02 2.420204355785410e-02  5.610171726621268e-01
-1.876000000000000e-02 1.934861429901793e-02  5.585878733961486e-01
-1.876000000000000e-02 1.541914122029188e-02  5.566647002664014e-01
-1.876000000000000e-02 1.227958954405794e-02  5.551487515923467e-01
-1.876000000000000e-02 9.765513663633789e-03  5.539584286789301e-01
-1.876000000000000e-02 7.748637509617435e-03  5.530199008727842e-01
-1.876000000000000e-02 6.161820984580186e-03  5.522777684406301e-01
-1.876000000000000e-02 4.893889884161622e-03  5.516919743500621e-01
-1.876000000000000e-02 3.885657607343315e-03  5.512307524961553e-01
-1.876000000000000e-02 3.084026093841028e-03  5.508669214500238e-01
-1.876000000000000e-02 2.446954623525524e-03  5.505794207827668e-01
-1.876000000000000e-02 1.940131203752059e-03  5.503516208893563e-01
-1.876000000000000e-02 1.534840548261560e-03  5.501707113510065e-01
-1.876000000000000e-02 1.208974114349448e-03  5.500271718236547e-01
-1.876000000000000e-02 9.472032384029919e-04  5.499137008047181e-01
-1.876000000000000e-02 7.383146515491349e-04  5.498243694984424e-01
-1.876000000000000e-02 5.731040490612242e-04  5.497542904667878e-01
-1.876000000000000e-02 4.435048992173747e-04  5.496994764800780e-01
-1.876000000000000e-02 3.424912115658503e-04  5.496567142405907e-01
-1.876000000000000e-02 2.641182872561472e-04  5.496234344433477e-01
-1.876000000000000e-02 2.034994888892813e-04  5.495975907499112e-01
-1.876000000000000e-02 1.567069641526455e-04  5.495775597720639e-01
-1.876000000000000e-02 1.206328558974343e-04  5.495620588380299e-01
-1.876000000000000e-02 9.284376445231066e-05  5.495500788191698e-01
-1.876000000000000e-02 7.144717359287384e-05  5.495408296514508e-01
-1.876000000000000e-02 5.497739973268970e-05  5.495336946065441e-01
-1.876000000000000e-02 4.230224019065170e-05  5.495281939258044e-01
-1.876000000000000e-02 3.254846921803186e-05  5.495239551977428e-01
-1.876000000000000e-02 2.504324648739023e-05  5.495206900899359e-01
-1.876000000000000e-02 1.926843293177919e-05  5.495181757023778e-01
-1.876000000000000e-02 1.482516864568439e-05  5.495162399576251e-01
-1.876000000000000e-02 1.140647175181892e-05  5.495147498076622e-01
-1.876000000000000e-02 8.776110694623884e-06  5.495136028620425e-01
-1.876000000000000e-02 6.752309810987824e-06  5.495127201805342e-01
-1.876000000000000e-02 5.195200160601694e-06  5.495120409133720e-01


-1.876000000000000e-02 2.722181090605885e-01  5.240717323013969e-01
-1.876000000000000e-02 2.569359978484524e-01  5.650477602522935e-01
-1.876000000000000e-02 2.295628557781506e-01  5.989241479861881e-01
-1.876000000000000e-02 2.026471653124792e-01  6.212682974004200e-01
-1.876000000000000e-02 1.840726792505748e-01  6.325478368405038e-01
-1.876000000000000e-02 1.719882103563531e-01  6.367320776735808e-01
-1.876000000000000e-02 1.628533164044519e-01  6.367790031544515e-01
-1.876000000000000e-02 1.543496650601548e-01  6.342577662855942e-01
-1.876000000000000e-02 1.452019654131304e-01  6.299212582916511e-01
-1.876000000000000e-02 1.347900013320400e-01  6.241509934264045e-01
-1.876000000000000e-02 1.229598313489841e-01  6.172273588333947e-01
-1.876000000000000e-02 1.099536902675232e-01  6.094824863153936e-01
-1.876000000000000e-02 9.629565570355712e-02  6.013466356079619e-01
-1.876000000000000e-02 8.264753049846391e-02  5.932944013847796e-01
-1.876000000000000e-02 6.964864272463671e-02  5.857519838635000e-01
-1.876000000000000e-02 5.780122914722494e-02  5.790208346511503e-01
-1.876000000000000e-02 4.737837319801002e-02  5.732435922247051e-01
-1.876000000000000e-02 3.846640056096921e-02  5.684315347023102e-01
-1.876000000000000e-02 3.101481553776194e-02  5.645106785526487e-01
-1.876000000000000e-02 2.488723757448698e-02  5.613638506453059e-01
-1.876000000000000e-02 1.990360208621876e-02  5.588615109593581e-01
-1.876000000000000e-02 1.586775827332961e-02  5.568811015907377e-01
-1.876000000000000e-02 1.263921320343794e-02  5.553204488841615e-01
-1.876000000000000e-02 1.005407748107983e-02  5.540923603335071e-01
-1.876000000000000e-02 7.976819713900423e-03  5.531263939558382e-01
-1.876000000000000e-02 6.345025985926054e-03  5.523628947374982e-01
-1.876000000000000e-02 5.039600117149603e-03  5.517589427803968e-01
-1.876000000000000e-02 4.001526860878219e-03  5.512835419023546e-01
-1.876000000000000e-02 3.176132371731165e-03  5.509085970701939e-01
-1.876000000000000e-02 2.520149735456642e-03  5.506123884609434e-01
-1.876000000000000e-02 1.998457810418667e-03  5.503777790208194e-01
-1.876000000000000e-02 1.581628342810751e-03  5.501914898117751e-01
-1.876000000000000e-02 1.246621039486616e-03  5.500436349118664e-01
-1.876000000000000e-02 9.773771324002910e-04  5.499266899676537e-01
-1.876000000000000e-02 7.622967982466187e-04  5.498345777595651e-01
-1.876000000000000e-02 5.919961512772986e-04  5.497622874270680e-01
-1.876000000000000e-02 4.582767336103812e-04  5.497057237539995e-01
-1.876000000000000e-02 3.539775154800467e-04  5.496615825436060e-01
-1.876000000000000e-02 2.730155960449464e-04  5.496272191585991e-01
-1.876000000000000e-02 2.103739091152277e-04  5.496005271223994e-01
-1.876000000000000e-02 1.620098301911327e-04  5.495798339071747e-01
-1.876000000000000e-02 1.247193119662883e-04  5.495638176170057e-01
-1.876000000000000e-02 9.599088345319898e-05  5.495514374712159e-01
-1.876000000000000e-02 7.386995714519837e-05  5.495418782652999e-01
-1.876000000000000e-02 5.684212843570010e-05  5.495345032201981e-01
-1.876000000000000e-02 4.373725499657260e-05  5.495288171683823e-01
-1.876000000000000e-02 3.365270106056418e-05  5.495244353489925e-01
-1.876000000000000e-02 2.589290037626268e-05  5.495210598123772e-01


-1.876000000000000e-02 1.500000472732914e-01  5.648122809402125e-01
-1.876000000000000e-02 1.163114056836088e-01  5.865255808684701e-01
-1.876000000000000e-02 9.429211816878118e-02  5.900397134602816e-01
-1.876000000000000e-02 7.796819428943216e-02  5.867783534508237e-01
-1.876000000000000e-02 6.448480021776294e-02  5.813955727759710e-01
-1.876000000000000e-02 5.295128233131580e-02  5.758007961943100e-01
-1.876000000000000e-02 4.313293049964694e-02  5.707459991336324e-01
-1.876000000000000e-02 3.488471839940453e-02  5.664639051928535e-01
-1.876000000000000e-02 2.805952900060797e-02  5.629579666188855e-01
-1.876000000000000e-02 2.246510242075885e-02  5.601361063079080e-01
-1.876000000000000e-02 1.794333964718225e-02  5.578981614991243e-01
-1.876000000000000e-02 1.430335561604290e-02  5.561247575937180e-01
-1.876000000000000e-02 1.138607749642581e-02  5.547219694885874e-01
-1.876000000000000e-02 9.046910341984184e-03  5.536256337256878e-01
-1.876000000000000e-02 7.188685258074585e-03  5.527580176690582e-01
-1.876000000000000e-02 5.712310750502952e-03  5.520696251020800e-01
-1.876000000000000e-02 4.536458100002625e-03  5.515280995025690e-01
-1.876000000000000e-02 3.601435663547775e-03  5.511015043519714e-01
-1.876000000000000e-02 2.858123940623133e-03  5.507648397895500e-01
-1.876000000000000e-02 2.267392601026353e-03  5.504986113998933e-01
-1.876000000000000e-02 1.796854039245392e-03  5.502874672368726e-01
-1.876000000000000e-02 1.419757843315438e-03  5.501197666988095e-01
-1.876000000000000e-02 1.116408540600032e-03  5.499868442902563e-01
-1.876000000000000e-02 8.731373340711037e-04  5.498819129266495e-01
-1.876000000000000e-02 6.795689513836570e-04  5.497994070244853e-01
-1.876000000000000e-02 5.269117971105998e-04  5.497347483716053e-01
-1.876000000000000e-02 4.074379328634350e-04  5.496842187789158e-01
-1.876000000000000e-02 3.144741861468326e-04  5.496448312596597e-01
-1.876000000000000e-02 2.424307438584770e-04  5.496142006565850e-01
-1.876000000000000e-02 1.867500278057189e-04  5.495904297972227e-01
-1.876000000000000e-02 1.437900756313415e-04  5.495720156780161e-01
-1.876000000000000e-02 1.106806019801737e-04  5.495577724933092e-01
-1.876000000000000e-02 8.517997694107786e-05  5.495467686317800e-01
-1.876000000000000e-02 6.554763387580027e-05  5.495382756129188e-01
-1.876000000000000e-02 5.043690755163917e-05  5.495317252216813e-01
-1.876000000000000e-02 3.880815443495882e-05  5.495266761961566e-01
-1.876000000000000e-02 2.985983603557843e-05  5.495227859284331e-01
-1.876000000000000e-02 2.297448589870965e-05  5.495197894353245e-01
-1.876000000000000e-02 1.767667571258798e-05  5.495174822687942e-01
-1.876000000000000e-02 1.360044823300988e-05  5.495157060693772e-01
-1.876000000000000e-02 1.046416475793037e-05  5.495143388269678e-01
-1.876000000000000e-02 8.051098686643055e-06  5.495132864314648e-01
-1.876000000000000e-02 6.194485571885062e-06  5.495124766334293e-01
-1.876000000000000e-02 4.766011633690116e-06  5.495118536193030e-01
-1.876000000000000e-02 3.666948262849159e-06  5.495113738272785e-01
-1.876000000000000e-02 2.821332617268542e-06  5.495110046128616e-01
-1.876000000000000e-02 2.170720652343996e-06  5.495107206471004e-01
-1.876000000000000e-02 1.670142246022385e-06  5.495105023130838e-01


-1.876000000000000e-02 1.907403202207355e-01  5.648128112180464e-01
-1.876000000000000e-02 1.540888804262701e-01  5.948219444611844e-01
-1.876000000000000e-02 1.280109772136962e-01  6.035702984930523e-01
-1.876000000000000e-02 1.091213068735633e-01  6.023791274673986e-01
-1.876000000000000e-02 9.329407808185007e-02  5.970100108071555e-01
-1.876000000000000e-02 7.902859200459229e-02  5.902120380788413e-01
-1.876000000000000e-02 6.608342482690803e-02  5.833476650874260e-01
-1.876000000000000e-02 5.455547139928494e-02  5.770748067732405e-01
-1.876000000000000e-02 4.455823396267677e-02  5.716617303216519e-01
-1.876000000000000e-02 3.609630399664930e-02  5.671583148567474e-01
-1.876000000000000e-02 2.905851403615719e-02  5.634926508064143e-01
-1.876000000000000e-02 2.328201682732655e-02  5.605526244633816e-01
-1.876000000000000e-02 1.860432159148716e-02  5.582234826773997e-01
-1.876000000000000e-02 1.482490997880987e-02  5.563784821589632e-01
-1.876000000000000e-02 1.180373527325892e-02  5.549217535612470e-01
-1.876000000000000e-02 9.383004244266423e-03  5.537814971805624e-01
-1.876000000000000e-02 7.449619382717756e-03  5.528802540120623e-01
-1.876000000000000e-02 5.921530869485775e-03  5.521664507051456e-01
-1.876000000000000e-02 4.702817272897437e-03  5.516043266490203e-01
-1.876000000000000e-02 3.733718695436327e-03  5.511616261862340e-01
-1.876000000000000e-02 2.963258393406178e-03  5.508123291254120e-01
-1.876000000000000e-02 2.350970902105836e-03  5.505362136480527e-01
-1.876000000000000e-02 1.863580338126408e-03  5.503173244285022e-01
-1.876000000000000e-02 1.473378208653092e-03  5.501434725607850e-01
-1.876000000000000e-02 1.159528636113654e-03  5.500056030275279e-01
-1.876000000000000e-02 9.076158833083498e-04  5.498966939826050e-01
-1.876000000000000e-02 7.068937969934760e-04  5.498110109409052e-01
-1.876000000000000e-02 5.483825020210857e-04  5.497438301695771e-01
-1.876000000000000e-02 4.241933497923899e-04  5.496913081081710e-01
-1.876000000000000e-02 3.274850213416164e-04  5.496503511719503e-01
-1.876000000000000e-02 2.524997175260943e-04  5.496184891650224e-01
-1.876000000000000e-02 1.945251270243942e-04  5.495937548951828e-01
-1.876000000000000e-02 1.497854932411212e-04  5.495745898046552e-01
-1.876000000000000e-02 1.152996888873453e-04  5.495597623871724e-01
-1.876000000000000e-02 8.873679556082991e-05  5.495483052796675e-01
-1.876000000000000e-02 6.828558899812501e-05  5.495394611025878e-01
-1.876000000000000e-02 5.254410455791108e-05  5.495326391741735e-01
-1.876000000000000e-02 4.042971067099964e-05  5.495273804852676e-01
-1.876000000000000e-02 3.110758719371227e-05  5.495233285244433e-01
-1.876000000000000e-02 2.393456101952085e-05  5.495202073299342e-01
-1.876000000000000e-02 1.841538038050189e-05  5.495178040235095e-01
-1.876000000000000e-02 1.416881667709068e-05  5.495159539091073e-01
-1.876000000000000e-02 1.090147099627844e-05  5.495145295795726e-01
-1.876000000000000e-02 8.387562701631878e-06  5.495134334182050e-01
-1.876000000000000e-02 6.453360145199651e-06  5.495125897605444e-01
-1.876000000000000e-02 4.965188797920907e-06  5.495119406005609e-01
-1.876000000000000e-02 3.820195544264412e-06  5.495114406191359e-01
-1.876000000000000e-02 2.939239810101680e-06  5.495110560193992e-01


-1.876000000000000e-02 2.314812801982755e-01  5.648096865005982e-01
-1.876000000000000e-02 1.986745742953461e-01  5.998248310353634e-01
-1.876000000000000e-02 1.709975113721449e-01  6.167645609010312e-01
-1.876000000000000e-02 1.518760351419006e-01  6.217517964599372e-01
-1.876000000000000e-02 1.369342116485569e-01  6.202192783077098e-01
-1.876000000000000e-02 1.231381074432552e-01  6.151628623362441e-01
-1.876000000000000e-02 1.093127263960586e-01  6.082223199207250e-01
-1.876000000000000e-02 9.534693492261241e-02  6.004396024241678e-01
-1.876000000000000e-02 8.162469557082845e-02  5.925650748496935e-01
-1.876000000000000e-02 6.867133812559995e-02  5.851408392477809e-01
-1.876000000000000e-02 5.691769882668773e-02  5.785070109126434e-01
-1.876000000000000e-02 4.660896800788659e-02  5.728173000316743e-01
-1.876000000000000e-02 3.781444583644290e-02  5.680833950563368e-01
-1.876000000000000e-02 3.047193161497090e-02  5.642296052031083e-01
-1.876000000000000e-02 2.444233666374305e-02  5.611389750021026e-01
-1.876000000000000e-02 1.954315122191206e-02  5.586836927978904e-01
-1.876000000000000e-02 1.557607101376250e-02  5.567403155833437e-01
-1.876000000000000e-02 1.240532273298516e-02  5.552087582615957e-01
-1.876000000000000e-02 9.866466752397243e-03  5.540052152097618e-01
-1.876000000000000e-02 7.828197942030178e-03  5.530570316219207e-01
-1.876000000000000e-02 6.225749867326200e-03  5.523074420371344e-01
-1.876000000000000e-02 4.944730478004575e-03  5.517153259422245e-01
-1.876000000000000e-02 3.926086078717378e-03  5.512491636209332e-01
-1.876000000000000e-02 3.116162509764161e-03  5.508814581864565e-01
-1.876000000000000e-02 2.472493435106209e-03  5.505909216984137e-01
-1.876000000000000e-02 1.960486664543138e-03  5.503607474002805e-01
-1.876000000000000e-02 1.551173386226622e-03  5.501779607381037e-01
-1.876000000000000e-02 1.222115643923153e-03  5.500329146525802e-01
-1.876000000000000e-02 9.577331119441086e-04  5.499182310120324e-01
-1.876000000000000e-02 7.466805972592460e-04  5.498279293256544e-01
-1.876000000000000e-02 5.796921017495101e-04  5.497570788084558e-01
-1.876000000000000e-02 4.486547439376726e-04  5.497016542338401e-01
-1.876000000000000e-02 3.464948667647257e-04  5.496584112000609e-01
-1.876000000000000e-02 2.672191233542225e-04  5.496247535874581e-01
-1.876000000000000e-02 2.058951200920502e-04  5.495986141982723e-01
-1.876000000000000e-02 1.585548357540535e-04  5.495783523615051e-01
-1.876000000000000e-02 1.220568034331809e-04  5.495626716919395e-01
-1.876000000000000e-02 9.394037247895720e-05  5.495505522898034e-01
-1.876000000000000e-02 7.229137765947414e-05  5.495411950892708e-01
-1.876000000000000e-02 5.562714887638880e-05  5.495339763888176e-01
-1.876000000000000e-02 4.280225692184910e-05  5.495284111115573e-01
-1.876000000000000e-02 3.293322645556909e-05  5.495241225824824e-01
-1.876000000000000e-02 2.533929792549353e-05  5.495208189198442e-01
-1.876000000000000e-02 1.949622320997999e-05  5.495182748844027e-01
-1.876000000000000e-02 1.500043392669017e-05  5.495163163415141e-01
-1.876000000000000e-02 1.154132207704276e-05  5.495148086041585e-01
-1.876000000000000e-02 8.879865452497323e-06  5.495136481122663e-01
-1.876000000000000e-02 6.832137765801761e-06  5.495127550121958e-01


-1.876000000000000e-02 1.500000033174266e-01  6.055529304668624e-01
-1.876000000000000e-02 1.284254530316961e-01  6.090791003308595e-01
-1.876000000000000e-02 1.114604676774285e-01  6.058077663517275e-01
-1.876000000000000e-02 9.630326191679073e-02  5.995650152549103e-01
-1.876000000000000e-02 8.214319620634815e-02  5.923179139803669e-01
-1.876000000000000e-02 6.901824810122123e-02  5.851342745363817e-01
-1.876000000000000e-02 5.718680572708253e-02  5.785817782506972e-01
-1.876000000000000e-02 4.683019833787749e-02  5.729097864484560e-01
-1.876000000000000e-02 3.799749988092840e-02  5.681700949619570e-01
-1.876000000000000e-02 3.062298433619495e-02  5.643037832599117e-01
-1.876000000000000e-02 2.456580600298213e-02  5.611998792877941e-01
-1.876000000000000e-02 1.964303050608654e-02  5.587323555509595e-01
-1.876000000000000e-02 1.565677326780649e-02  5.567790188177276e-01
-1.876000000000000e-02 1.246999561546357e-02  5.552395548690675e-01
-1.876000000000000e-02 9.918365168911758e-03  5.540292659279515e-01
-1.876000000000000e-02 7.869211663955907e-03  5.530761618880518e-01
-1.876000000000000e-02 6.258688594581290e-03  5.523227398703271e-01
-1.876000000000000e-02 4.970927212215279e-03  5.517273628485226e-01
-1.876000000000000e-02 3.946917783479808e-03  5.512586530262301e-01
-1.876000000000000e-02 3.132721875296045e-03  5.508889500807359e-01
-1.876000000000000e-02 2.485652874768877e-03  5.505968484929491e-01
-1.876000000000000e-02 1.970973347736995e-03  5.503654500347944e-01
-1.876000000000000e-02 1.559585905573419e-03  5.501816963308377e-01
-1.876000000000000e-02 1.228884616944392e-03  5.500358744353107e-01
-1.876000000000000e-02 9.631581569974544e-04  5.499205661326481e-01
-1.876000000000000e-02 7.509921110990664e-04  5.498297644727560e-01
-1.876000000000000e-02 5.830883049428851e-04  5.497585163691433e-01
-1.876000000000000e-02 4.513101181555847e-04  5.497027774801385e-01
-1.876000000000000e-02 3.485595604323623e-04  5.496592864547281e-01
-1.876000000000000e-02 2.688184000035775e-04  5.496254339789037e-01
-1.876000000000000e-02 2.071307656241387e-04  5.495991420477575e-01
-1.876000000000000e-02 1.595079917836985e-04  5.495787611486415e-01
-1.876000000000000e-02 1.227913125218505e-04  5.495629877679762e-01
-1.876000000000000e-02 9.450604174777716e-05  5.495507964802221e-01
-1.876000000000000e-02 7.272685208352408e-05  5.495413836258052e-01
-1.876000000000000e-02 5.596231726971411e-05  5.495341217585101e-01
-1.876000000000000e-02 4.306018838100333e-05  5.495285231483329e-01
-1.876000000000000e-02 3.313170282284592e-05  5.495242089016111e-01
-1.876000000000000e-02 2.549201621641246e-05  5.495208853700791e-01
-1.876000000000000e-02 1.961372850339639e-05  5.495183260477383e-01
-1.876000000000000e-02 1.509084416047298e-05  5.495163557073359e-01
-1.876000000000000e-02 1.161088426310053e-05  5.495148388863833e-01
-1.876000000000000e-02 8.933386590682908e-06  5.495136714381967e-01
-1.876000000000000e-02 6.873317190503764e-06  5.495127729726910e-01
-1.876000000000000e-02 5.288303344162829e-06  5.495120815201954e-01
-1.876000000000000e-02 4.068797240051972e-06  5.495115492664271e-01
-1.876000000000000e-02 3.130514308997297e-06  5.495111395524900e-01
-1.876000000000000e-02 2.408603132373935e-06  5.495108244411528e-01


-1.876000000000000e-02 1.907399426655569e-01  6.055523631094895e-01
-1.876000000000000e-02 1.654786500998293e-01  6.188381986049155e-01
-1.876000000000000e-02 1.478025279695063e-01  6.217812241165024e-01
-1.876000000000000e-02 1.333363401053090e-01  6.191453978322166e-01
-1.876000000000000e-02 1.195796959988136e-01  6.134870045959353e-01
-1.876000000000000e-02 1.056965878992417e-01  6.062476576469434e-01
-1.876000000000000e-02 9.174381048807501e-02  5.983794134899332e-01
-1.876000000000000e-02 7.817092603160658e-02  5.905783874642156e-01
-1.876000000000000e-02 6.549433109266820e-02  5.833344075323686e-01
-1.876000000000000e-02 5.409353396883870e-02  5.769374174453724e-01
-1.876000000000000e-02 4.418356619358933e-02  5.715008028836790e-01
-1.876000000000000e-02 3.578810068369315e-02  5.670102226605293e-01
-1.876000000000000e-02 2.880841002104797e-02  5.633685380711628e-01
-1.876000000000000e-02 2.307748387595661e-02  5.604518800529948e-01
-1.876000000000000e-02 1.843906137529486e-02  5.581436074352012e-01
-1.876000000000000e-02 1.469437979071048e-02  5.563156743894013e-01
-1.876000000000000e-02 1.169923085777269e-02  5.548719707411882e-01
-1.876000000000000e-02 9.298940961161137e-03  5.537426364997158e-01
-1.876000000000000e-02 7.384294591098410e-03  5.528497122626014e-01
-1.876000000000000e-02 5.869095659418211e-03  5.521421901067269e-01
-1.876000000000000e-02 4.661124201791917e-03  5.515852203891372e-01
-1.876000000000000e-02 3.700565423203456e-03  5.511465545871640e-01
-1.876000000000000e-02 2.936908364849149e-03  5.508004242567486e-01
-1.876000000000000e-02 2.330025633575650e-03  5.505267887489693e-01
-1.876000000000000e-02 1.846864711005351e-03  5.503098414338484e-01
-1.876000000000000e-02 1.459949517886706e-03  5.501375305397576e-01
-1.876000000000000e-02 1.148727826839378e-03  5.500008997046639e-01
-1.876000000000000e-02 8.989755542576192e-04  5.498929870932578e-01
-1.876000000000000e-02 7.000425469594790e-04  5.498080999964720e-01
-1.876000000000000e-02 5.429966172581351e-04  5.497415517176016e-01
-1.876000000000000e-02 4.199888364478963e-04  5.496895290812914e-01
-1.876000000000000e-02 3.242193663462214e-04  5.496489658673068e-01
-1.876000000000000e-02 2.499720515759991e-04  5.496174128204860e-01
-1.876000000000000e-02 1.925731034956143e-04  5.495929204269407e-01
-1.876000000000000e-02 1.482801827696081e-04  5.495739437209914e-01
-1.876000000000000e-02 1.141398968428846e-04  5.495592628412248e-01
-1.876000000000000e-02 8.784370285166522e-05  5.495479194943526e-01
-1.876000000000000e-02 6.759809880444021e-05  5.495391634006414e-01
-1.876000000000000e-02 5.201498902941249e-05  5.495324097256757e-01
-1.876000000000000e-02 4.002253762876380e-05  5.495272036738812e-01
-1.876000000000000e-02 3.079427560192743e-05  5.495231923035815e-01
-1.876000000000000e-02 2.369348598116769e-05  5.495201024043906e-01
-1.876000000000000e-02 1.822989080312077e-05  5.495177232367702e-01
-1.876000000000000e-02 1.402609896589519e-05  5.495158917129258e-01
-1.876000000000000e-02 1.079166259397561e-05  5.495144816872332e-01
-1.876000000000000e-02 8.303076521626307e-06  5.495133965768028e-01
-1.876000000000000e-02 6.388356303793817e-06  5.495125613923135e-01
-1.876000000000000e-02 4.915175776925463e-06  5.495119187805947e-01


-1.876000000000000e-02 2.314780958961230e-01  6.055516645796729e-01
-1.876000000000000e-02 2.069014394399135e-01  6.261009329132201e-01
-1.876000000000000e-02 1.906941106146673e-01  6.371451332163176e-01
-1.876000000000000e-02 1.808833018299898e-01  6.421016576827556e-01
-1.876000000000000e-02 1.743122907027788e-01  6.435630513027286e-01
-1.876000000000000e-02 1.688885194049911e-01  6.429338468002107e-01
-1.876000000000000e-02 1.633843980953442e-01  6.408682115191745e-01
-1.876000000000000e-02 1.570550056457257e-01  6.376195512286429e-01
-1.876000000000000e-02 1.494243751673855e-01  6.332515601930565e-01
-1.876000000000000e-02 1.402109674549834e-01  6.277714282207775e-01
-1.876000000000000e-02 1.293403826903554e-01  6.212274625395917e-01
-1.876000000000000e-02 1.170001456624328e-01  6.137849036417394e-01
-1.876000000000000e-02 1.036470890175929e-01  6.057599223279446e-01
-1.876000000000000e-02 8.991561052623318e-02  5.975857318127825e-01
-1.876000000000000e-02 7.650383209594674e-02  5.897166889175282e-01
-1.876000000000000e-02 6.399024128783236e-02  5.825201085532838e-01
-1.876000000000000e-02 5.277627264599099e-02  5.762199612562018e-01
-1.876000000000000e-02 4.306061768550349e-02  5.708955318692459e-01
-1.876000000000000e-02 3.484708736065587e-02  5.665127050471604e-01
-1.876000000000000e-02 2.803522503837157e-02  5.629704669526399e-01
-1.876000000000000e-02 2.244738112160983e-02  5.601362990672873e-01
-1.876000000000000e-02 1.792957901354097e-02  5.578947084470047e-01
-1.876000000000000e-02 1.429265217384378e-02  5.561207418990490e-01
-1.876000000000000e-02 1.137755445996495e-02  5.547183306014160e-01
-1.876000000000000e-02 9.040062496175776e-03  5.536226101486444e-01
-1.876000000000000e-02 7.183372603344934e-03  5.527555830136609e-01
-1.876000000000000e-02 5.708058929321099e-03  5.520676785392060e-01
-1.876000000000000e-02 4.533077612437604e-03  5.515265586989377e-01
-1.876000000000000e-02 3.598747767825090e-03  5.511002859864041e-01
-1.876000000000000e-02 2.855987804221623e-03  5.507638762065298e-01
-1.876000000000000e-02 2.265694194271154e-03  5.504978478400716e-01
-1.876000000000000e-02 1.795497358758462e-03  5.502868606739609e-01
-1.876000000000000e-02 1.418667234996781e-03  5.501192850152176e-01
-1.876000000000000e-02 1.115531721947815e-03  5.499864632735665e-01
-1.876000000000000e-02 8.724366962821622e-04  5.498816127814941e-01
-1.876000000000000e-02 6.790140877834444e-04  5.497991714912118e-01
-1.876000000000000e-02 5.264760797398872e-04  5.497345641064831e-01
-1.876000000000000e-02 4.070980646689683e-04  5.496840750085435e-01
-1.876000000000000e-02 3.142103599803395e-04  5.496447193125579e-01
-1.876000000000000e-02 2.422266147062330e-04  5.496141135295807e-01
-1.876000000000000e-02 1.865924235131394e-04  5.495903622613123e-01
-1.876000000000000e-02 1.436685572397025e-04  5.495719634465382e-01
-1.876000000000000e-02 1.105869841058018e-04  5.495577321358591e-01
-1.876000000000000e-02 8.510789029834852e-05  5.495467374837375e-01
-1.876000000000000e-02 6.549214598231650e-05  5.495382515927344e-01
-1.876000000000000e-02 5.039420211836508e-05  5.495317066995653e-01
-1.876000000000000e-02 3.877529165725428e-05  5.495266619194131e-01
-1.876000000000000e-02 2.983454898323321e-05  5.495227749310556e-01


-1.876000000000000e-02 1.499999232486601e-01  6.462924324004367e-01
-1.876000000000000e-02 1.474735638781091e-01  6.379724500337642e-01
-1.876000000000000e-02 1.407937235569927e-01  6.307417027923259e-01
-1.876000000000000e-02 1.312316960842930e-01  6.234966291784904e-01
-1.876000000000000e-02 1.195825590457777e-01  6.158108883062019e-01
-1.876000000000000e-02 1.065624798048563e-01  6.076965002315260e-01
-1.876000000000000e-02 9.291917215183007e-02  5.994373340250532e-01
-1.876000000000000e-02 7.939657075723150e-02  5.914310929799418e-01
-1.876000000000000e-02 6.665330444460982e-02  5.840480824576874e-01
-1.876000000000000e-02 5.513320670095127e-02  5.775340162513777e-01
-1.876000000000000e-02 4.507252678867564e-02  5.719923951980167e-01
-1.876000000000000e-02 3.653155469249893e-02  5.674079189145281e-01
-1.876000000000000e-02 2.941545405582027e-02  5.636847475578246e-01
-1.876000000000000e-02 2.357552998458033e-02  5.607027987797520e-01
-1.876000000000000e-02 1.884185578522242e-02  5.583403075667860e-01
-1.876000000000000e-02 1.501340280246177e-02  5.564696844109883e-01
-1.876000000000000e-02 1.195467412833661e-02  5.549938781987758e-01
-1.876000000000000e-02 9.504395543960513e-03  5.538376721680878e-01
-1.876000000000000e-02 7.544150280373921e-03  5.529244467310046e-01
-1.876000000000000e-02 5.997463212283971e-03  5.522016057977024e-01
-1.876000000000000e-02 4.763194558705629e-03  5.516320083485173e-01
-1.876000000000000e-02 3.781729656965938e-03  5.511834599524676e-01
-1.876000000000000e-02 3.001418267919951e-03  5.508295737106544e-01
-1.876000000000000e-02 2.381301631839678e-03  5.505498643713737e-01
-1.876000000000000e-02 1.887778957625314e-03  5.503281614399779e-01
-1.876000000000000e-02 1.492813658023331e-03  5.501520786550296e-01
-1.876000000000000e-02 1.175162459044429e-03  5.500124159542489e-01
-1.876000000000000e-02 9.201270995938163e-04  5.499020646709356e-01
-1.876000000000000e-02 7.168186834150766e-04  5.498152286207828e-01
-1.876000000000000e-02 5.561875428693281e-04  5.497471321894458e-01
-1.876000000000000e-02 4.302881226970463e-04  5.496938861312040e-01
-1.876000000000000e-02 3.322197869714507e-04  5.496523593055676e-01
-1.876000000000000e-02 2.561649853435451e-04  5.496200496320174e-01
-1.876000000000000e-02 1.973559223540902e-04  5.495949651788349e-01
-1.876000000000000e-02 1.519685899297703e-04  5.495755267591858e-01
-1.876000000000000e-02 1.169817480625314e-04  5.495604868001697e-01
-1.876000000000000e-02 9.003208183264538e-05  5.495488647283229e-01
-1.876000000000000e-02 6.928269668515776e-05  5.495398927930355e-01
-1.876000000000000e-02 5.331151522717411e-05  5.495329720374297e-01
-1.876000000000000e-02 4.102026425277459e-05  5.495276370206568e-01
-1.876000000000000e-02 3.156200815202127e-05  5.495235261605356e-01
-1.876000000000000e-02 2.428421340505355e-05  5.495203596139264e-01
-1.876000000000000e-02 1.868441276540007e-05  5.495179212778477e-01
-1.876000000000000e-02 1.437581447389011e-05  5.495160441445867e-01
-1.876000000000000e-02 1.106073477220922e-05  5.495145990605134e-01
-1.876000000000000e-02 8.510100549739452e-06  5.495134868742176e-01
-1.876000000000000e-02 6.547642121947609e-06  5.495126308942594e-01
-1.876000000000000e-02 5.037728990728784e-06  5.495119722392687e-01


