-1.871000000000000e-02 2.416680156578635e-01  4.833259829146401e-01
-1.871000000000000e-02 2.078155552289012e-01  5.712803572129883e-01
-1.871000000000000e-02 1.667238164331918e-01  6.192670308698169e-01
-1.871000000000000e-02 1.575057426661233e-01  6.413649476873181e-01
-1.871000000000000e-02 1.652601567572594e-01  6.565388768721911e-01
-1.871000000000000e-02 1.856208079772777e-01  6.738172295051310e-01
-1.871000000000000e-02 2.230965263800421e-01  6.995983104608429e-01
-1.871000000000000e-02 2.868742670372740e-01  7.357981359901742e-01
-1.871000000000000e-02 3.650256659026390e-01  7.605486313343744e-01
-1.871000000000000e-02 4.108002302107812e-01  7.533231208681034e-01
-1.871000000000000e-02 4.159280959677513e-01  7.155205859471526e-01
-1.871000000000000e-02 3.957956327871223e-01  6.601140043228189e-01
-1.871000000000000e-02 3.637568884346223e-01  6.165924519489021e-01
-1.871000000000000e-02 3.307503679370906e-01  6.033747988276765e-01
-1.871000000000000e-02 3.007480684505884e-01  6.174978664720796e-01
-1.871000000000000e-02 2.805267711784259e-01  6.455796084330442e-01
-1.871000000000000e-02 2.831164648004091e-01  6.746800116929439e-01
-1.871000000000000e-02 3.095846465573671e-01  6.988213533384536e-01


-1.871000000000000e-02 3.333275580435340e-01  4.833346897711841e-01
-1.871000000000000e-02 3.319828435006533e-01  5.063098255290308e-01
-1.871000000000000e-02 3.186213415563968e-01  5.284198293895166e-01
-1.871000000000000e-02 2.930210903477453e-01  5.609808780812990e-01
-1.871000000000000e-02 2.565326353084204e-01  6.070089031851195e-01
-1.871000000000000e-02 2.337998718934668e-01  6.484814173705502e-01
-1.871000000000000e-02 2.457875023393341e-01  6.827502584415005e-01
-1.871000000000000e-02 2.895004556770301e-01  7.160120375181072e-01
-1.871000000000000e-02 3.495400683870063e-01  7.370941838814173e-01
-1.871000000000000e-02 3.898047128453574e-01  7.303286611156967e-01
-1.871000000000000e-02 3.962598726087769e-01  6.967407967566790e-01
-1.871000000000000e-02 3.792699107830835e-01  6.524119152455132e-01
-1.871000000000000e-02 3.515191126699498e-01  6.222077346785031e-01
-1.871000000000000e-02 3.228132103686213e-01  6.176796210912152e-01
-1.871000000000000e-02 2.989114019232548e-01  6.340121426584193e-01
-1.871000000000000e-02 2.889451676967896e-01  6.589194063959358e-01
-1.871000000000000e-02 3.001928400672749e-01  6.828933214786084e-01
-1.871000000000000e-02 3.271758205771491e-01  6.990523591535529e-01


-1.871000000000000e-02 2.416672599389811e-01  5.749931429822283e-01
-1.871000000000000e-02 2.024203730731166e-01  6.263111826447891e-01
-1.871000000000000e-02 1.964881406208155e-01  6.576377960268475e-01
-1.871000000000000e-02 2.186367532257515e-01  6.855527795803852e-01
-1.871000000000000e-02 2.683691483495618e-01  7.197554565244899e-01
-1.871000000000000e-02 3.408784976231473e-01  7.496011528428355e-01
-1.871000000000000e-02 3.965140073520226e-01  7.513360854760491e-01
-1.871000000000000e-02 4.114979267734824e-01  7.215904691943643e-01
-1.871000000000000e-02 3.974466883825812e-01  6.707963159702321e-01
-1.871000000000000e-02 3.684065420583538e-01  6.253576125426871e-01
-1.871000000000000e-02 3.361206599503272e-01  6.071995401591568e-01
-1.871000000000000e-02 3.063348001697205e-01  6.167793806937123e-01
-1.871000000000000e-02 2.848941862352319e-01  6.424466670866998e-01
-1.871000000000000e-02 2.840752705110506e-01  6.707858483334266e-01
-1.871000000000000e-02 3.068404390111271e-01  6.949745007196944e-01
-1.871000000000000e-02 3.407086820737098e-01  7.071898901828392e-01
-1.871000000000000e-02 3.650337138927559e-01  7.005521920698172e-01
-1.871000000000000e-02 3.695890698050077e-01  6.780559591147496e-01


-1.871000000000000e-02 3.333301778381175e-01  5.749972949380669e-01
-1.871000000000000e-02 3.000281969974750e-01  5.917083716534368e-01
-1.871000000000000e-02 2.689673247874416e-01  6.266887742759919e-01
-1.871000000000000e-02 2.588671820596881e-01  6.622056360703219e-01
-1.871000000000000e-02 2.803761579550532e-01  6.940892205113486e-01
-1.871000000000000e-02 3.250667124419380e-01  7.182165562881708e-01
-1.871000000000000e-02 3.673417891084968e-01  7.216572220080731e-01
-1.871000000000000e-02 3.841799362224134e-01  7.003807306198550e-01
-1.871000000000000e-02 3.765741053676983e-01  6.648454043623583e-01
-1.871000000000000e-02 3.550839652514618e-01  6.353419071670430e-01
-1.871000000000000e-02 3.298564294979925e-01  6.258911272589935e-01
-1.871000000000000e-02 3.079753545072250e-01  6.359710368042999e-01
-1.871000000000000e-02 2.971071554248865e-01  6.562690886159330e-01
-1.871000000000000e-02 3.037421077298480e-01  6.773827268954593e-01
-1.871000000000000e-02 3.247191312500934e-01  6.923660175209845e-01
-1.871000000000000e-02 3.473322476083847e-01  6.949864830681611e-01
-1.871000000000000e-02 3.590356402616385e-01  6.838578630595650e-01
-1.871000000000000e-02 3.567865484917613e-01  6.653479848132573e-01


-1.871000000000000e-02 4.249961560404042e-01  5.749968510359212e-01
-1.871000000000000e-02 3.850003907231101e-01  5.235024775212010e-01
-1.871000000000000e-02 3.668936512123840e-01  5.067065551320488e-01
-1.871000000000000e-02 3.566459753844748e-01  5.041189717810181e-01
-1.871000000000000e-02 3.473092453767754e-01  5.083877206969744e-01
-1.871000000000000e-02 3.351790105243039e-01  5.185195074746115e-01
-1.871000000000000e-02 3.167191344642191e-01  5.374086664723350e-01
-1.871000000000000e-02 2.878055389467628e-01  5.710553152777342e-01
-1.871000000000000e-02 2.515091150468925e-01  6.167849732151922e-01
-1.871000000000000e-02 2.356326848652982e-01  6.560678717181726e-01
-1.871000000000000e-02 2.546199804373139e-01  6.900022498053835e-01
-1.871000000000000e-02 3.035475265521814e-01  7.219243538383225e-01
-1.871000000000000e-02 3.613246389376673e-01  7.370378306717913e-01
-1.871000000000000e-02 3.931031077943286e-01  7.233513646894676e-01
-1.871000000000000e-02 3.928887757811639e-01  6.855971160167638e-01
-1.871000000000000e-02 3.724767763342911e-01  6.432160259624876e-01
-1.871000000000000e-02 3.440954387738372e-01  6.193706875474791e-01
-1.871000000000000e-02 3.162945665486614e-01  6.208905529799740e-01


-1.871000000000000e-02 1.499997288793277e-01  6.666639582133123e-01
-1.871000000000000e-02 1.778728533398363e-01  6.773968763923953e-01
-1.871000000000000e-02 2.182363256878118e-01  7.008867403053595e-01
-1.871000000000000e-02 2.836866575364497e-01  7.371890017781882e-01
-1.871000000000000e-02 3.645989977474934e-01  7.635089893396565e-01
-1.871000000000000e-02 4.128082241401488e-01  7.577742927863028e-01
-1.871000000000000e-02 4.192094146305147e-01  7.210323437293414e-01
-1.871000000000000e-02 3.996268674270231e-01  6.647180080008279e-01
-1.871000000000000e-02 3.674201128082010e-01  6.179794456800373e-01
-1.871000000000000e-02 3.338337019003981e-01  6.016341598319792e-01
-1.871000000000000e-02 3.030362103382827e-01  6.138871057583052e-01
-1.871000000000000e-02 2.806367356426779e-01  6.418390722689259e-01
-1.871000000000000e-02 2.802435947348157e-01  6.716054940191827e-01
-1.871000000000000e-02 3.049321767896827e-01  6.970725013846316e-01
-1.871000000000000e-02 3.414566332721306e-01  7.102065878826185e-01
-1.871000000000000e-02 3.675061559446196e-01  7.033489934329428e-01
-1.871000000000000e-02 3.722646220295298e-01  6.793962519748661e-01
-1.871000000000000e-02 3.601450722283983e-01  6.519391868229771e-01


-1.871000000000000e-02 2.416684167997387e-01  6.666601911368769e-01
-1.871000000000000e-02 2.702130874800830e-01  7.002161878071920e-01
-1.871000000000000e-02 3.241867110851906e-01  7.280645387706125e-01
-1.871000000000000e-02 3.746618891964025e-01  7.334347242415709e-01
-1.871000000000000e-02 3.942168715283085e-01  7.105085034821166e-01
-1.871000000000000e-02 3.857938224222081e-01  6.692676010023263e-01
-1.871000000000000e-02 3.617982267535775e-01  6.325840972773498e-01
-1.871000000000000e-02 3.334664305220050e-01  6.185067520286915e-01
-1.871000000000000e-02 3.077275522698593e-01  6.277390409902143e-01
-1.871000000000000e-02 2.919439589880707e-01  6.500730601787289e-01
-1.871000000000000e-02 2.952844161312920e-01  6.744307122035653e-01
-1.871000000000000e-02 3.172186639153375e-01  6.936699904739154e-01
-1.871000000000000e-02 3.447976306465750e-01  7.004464150282821e-01
-1.871000000000000e-02 3.618003274034671e-01  6.909820071123619e-01
-1.871000000000000e-02 3.623313895248227e-01  6.704139795318453e-01
-1.871000000000000e-02 3.505747629402185e-01  6.506456234943661e-01
-1.871000000000000e-02 3.337794296759750e-01  6.418468870042529e-01
-1.871000000000000e-02 3.186375061156275e-01  6.460418142647225e-01


-1.871000000000000e-02 3.333293258087283e-01  6.666625609305307e-01
-1.871000000000000e-02 3.333284684357661e-01  6.666656480471331e-01
-1.871000000000000e-02 3.333300145071506e-01  6.666688120827335e-01
-1.871000000000000e-02 3.333329403842578e-01  6.666705486166052e-01
-1.871000000000000e-02 3.333356767799005e-01  6.666702152595682e-01
-1.871000000000000e-02 3.333369464284288e-01  6.666682368214382e-01
-1.871000000000000e-02 3.333363341125357e-01  6.666657660070539e-01
-1.871000000000000e-02 3.333343732146112e-01  6.666640414681795e-01
-1.871000000000000e-02 3.333321699417255e-01  6.666637875127168e-01
-1.871000000000000e-02 3.333308034729295e-01  6.666649357403712e-01
-1.871000000000000e-02 3.333308161507699e-01  6.666667595910881e-01
-1.871000000000000e-02 3.333320245491078e-01  6.666683046180114e-01
-1.871000000000000e-02 3.333337000493641e-01  6.666688717797571e-01
-1.871000000000000e-02 3.333349855695099e-01  6.666683170828810e-01
-1.871000000000000e-02 3.333353197953482e-01  6.666670486878526e-01
-1.871000000000000e-02 3.333346661347630e-01  6.666657617453969e-01
-1.871000000000000e-02 3.333334625981614e-01  6.666650708032950e-01
-1.871000000000000e-02 3.333323523998667e-01  6.666652278478571e-01


-1.871000000000000e-02 4.249978997411044e-01  6.666643051683402e-01
-1.871000000000000e-02 3.823706047955007e-01  6.010553562078896e-01
-1.871000000000000e-02 3.445588840897977e-01  5.746385271829832e-01
-1.871000000000000e-02 3.113042710284100e-01  5.822262898725883e-01
-1.871000000000000e-02 2.781108159293353e-01  6.133720251991610e-01
-1.871000000000000e-02 2.581170704965157e-01  6.501785678322310e-01
-1.871000000000000e-02 2.688063433609963e-01  6.833741725683338e-01
-1.871000000000000e-02 3.076206273529551e-01  7.117037447366974e-01
-1.871000000000000e-02 3.547802615463697e-01  7.238393050918090e-01
-1.871000000000000e-02 3.818269125797924e-01  7.108290279768396e-01
-1.871000000000000e-02 3.818329287093208e-01  6.781183412400510e-01
-1.871000000000000e-02 3.638998364310293e-01  6.438603709236025e-01
-1.871000000000000e-02 3.389099181520217e-01  6.264445969067467e-01
-1.871000000000000e-02 3.149476869515465e-01  6.303220712569806e-01
-1.871000000000000e-02 2.989775942102996e-01  6.483050032957980e-01
-1.871000000000000e-02 2.990143567600668e-01  6.701124460980132e-01
-1.871000000000000e-02 3.159952792475046e-01  6.882149417240918e-01
-1.871000000000000e-02 3.399356724282131e-01  6.959173807289347e-01


-1.871000000000000e-02 1.499980660547695e-01  7.583226971812252e-01
-1.871000000000000e-02 2.550746231307893e-01  7.878014279315626e-01
-1.871000000000000e-02 3.881760878853251e-01  8.329112520822219e-01
-1.871000000000000e-02 4.626504733281593e-01  8.475566496463245e-01
-1.871000000000000e-02 4.847701908675972e-01  8.438384153817546e-01
-1.871000000000000e-02 4.869792321224847e-01  8.294994075787556e-01
-1.871000000000000e-02 4.789793030407956e-01  8.033959782589071e-01
-1.871000000000000e-02 4.610806801395654e-01  7.590767601564886e-01
-1.871000000000000e-02 4.310698224733370e-01  6.912352336284073e-01
-1.871000000000000e-02 3.921922557743987e-01  6.214876308840359e-01
-1.871000000000000e-02 3.531400812234874e-01  5.848662683061026e-01
-1.871000000000000e-02 3.190186019755494e-01  5.842781672763687e-01
-1.871000000000000e-02 2.861379367885044e-01  6.100836006567449e-01
-1.871000000000000e-02 2.635891274018827e-01  6.455523893040732e-01
-1.871000000000000e-02 2.693584839139337e-01  6.785532059885526e-01
-1.871000000000000e-02 3.035480508300846e-01  7.069274257978981e-01
-1.871000000000000e-02 3.489185600427800e-01  7.208620010716849e-01
-1.871000000000000e-02 3.778211760461403e-01  7.108609649917250e-01


-1.871000000000000e-02 2.416618992759607e-01  7.583224541687614e-01
-1.871000000000000e-02 3.570042196032977e-01  8.020680670224341e-01
-1.871000000000000e-02 4.374302301795845e-01  8.163177604002967e-01
-1.871000000000000e-02 4.619673088265831e-01  8.038635989142978e-01
-1.871000000000000e-02 4.582247322149712e-01  7.697307481517299e-01
-1.871000000000000e-02 4.362413843267417e-01  7.110287367714402e-01
-1.871000000000000e-02 4.013791981366257e-01  6.403178186207025e-01
-1.871000000000000e-02 3.622388953949726e-01  5.943965446882026e-01
-1.871000000000000e-02 3.272211830880182e-01  5.852228574522973e-01
-1.871000000000000e-02 2.943029033510215e-01  6.051236627106789e-01
-1.871000000000000e-02 2.686254588024771e-01  6.390474493739772e-01
-1.871000000000000e-02 2.681613630027951e-01  6.722139911340443e-01
-1.871000000000000e-02 2.968316713831076e-01  7.013112663461961e-01
-1.871000000000000e-02 3.407996102879050e-01  7.183596346159835e-01
-1.871000000000000e-02 3.732434239152697e-01  7.128181659101284e-01
-1.871000000000000e-02 3.802416314204317e-01  6.861433968821137e-01
-1.871000000000000e-02 3.672520018483788e-01  6.528420453919074e-01
-1.871000000000000e-02 3.446389700094649e-01  6.316327412912618e-01


-1.871000000000000e-02 3.333305854877161e-01  7.583247653017168e-01
-1.871000000000000e-02 4.007590319019562e-01  7.667413410379401e-01
-1.871000000000000e-02 4.227062736223571e-01  7.422742395193827e-01
-1.871000000000000e-02 4.120373222286540e-01  6.912879567446564e-01
-1.871000000000000e-02 3.834097205062795e-01  6.352298913454900e-01
-1.871000000000000e-02 3.490106170915049e-01  6.038969763565316e-01
-1.871000000000000e-02 3.165563051218101e-01  6.042561262920610e-01
-1.871000000000000e-02 2.884979251468034e-01  6.274032568718108e-01
-1.871000000000000e-02 2.761634086009733e-01  6.578099489483595e-01
-1.871000000000000e-02 2.899462110785533e-01  6.862216584583525e-01
-1.871000000000000e-02 3.239740509523807e-01  7.067514300796847e-01
-1.871000000000000e-02 3.580155703652262e-01  7.098561149308920e-01
-1.871000000000000e-02 3.731799983693997e-01  6.926877293475958e-01
-1.871000000000000e-02 3.679510926616294e-01  6.643780497165280e-01
-1.871000000000000e-02 3.503322333064987e-01  6.412316174722190e-01
-1.871000000000000e-02 3.291532248868665e-01  6.342299783887572e-01
-1.871000000000000e-02 3.114698868185269e-01  6.429675911868511e-01
-1.871000000000000e-02 3.041293830182409e-01  6.599501323797879e-01


-1.871000000000000e-02 4.249956086032048e-01  7.583269046028007e-01
-1.871000000000000e-02 4.221480737648677e-01  7.140838445728740e-01
-1.871000000000000e-02 3.973008252051317e-01  6.539724534124586e-01
-1.871000000000000e-02 3.627699549982809e-01  6.098257927294201e-01
-1.871000000000000e-02 3.288469278403314e-01  5.983305964886465e-01
-1.871000000000000e-02 2.978799194712953e-01  6.147465166803173e-01
-1.871000000000000e-02 2.765942818527600e-01  6.447465608723847e-01
-1.871000000000000e-02 2.793338508093722e-01  6.750973439425246e-01
-1.871000000000000e-02 3.073951098968900e-01  7.005519842986991e-01
-1.871000000000000e-02 3.455448296583326e-01  7.124196734415268e-01
-1.871000000000000e-02 3.705926730858691e-01  7.033008315554455e-01
-1.871000000000000e-02 3.733463748941298e-01  6.772839441748907e-01
-1.871000000000000e-02 3.595280118817487e-01  6.491691434634864e-01
-1.871000000000000e-02 3.384497071406956e-01  6.341858127100061e-01
-1.871000000000000e-02 3.179742946855452e-01  6.368326729275631e-01
-1.871000000000000e-02 3.049359354890027e-01  6.516652821429231e-01
-1.871000000000000e-02 3.056238451556047e-01  6.700902307640204e-01
-1.871000000000000e-02 3.200273584339280e-01  6.850599041349053e-01


-1.871000000000000e-02 5.166616948485786e-01  7.583310016347109e-01
-1.871000000000000e-02 4.491599569272857e-01  6.534445977802283e-01
-1.871000000000000e-02 3.959357211389749e-01  5.724158977053677e-01
-1.871000000000000e-02 3.604994394177512e-01  5.392887229390779e-01
-1.871000000000000e-02 3.362439187316830e-01  5.363863267740502e-01
-1.871000000000000e-02 3.108685727876632e-01  5.535938578151994e-01
-1.871000000000000e-02 2.774756876743694e-01  5.901046714181458e-01
-1.871000000000000e-02 2.457707289646882e-01  6.335018638055755e-01
-1.871000000000000e-02 2.434222060344209e-01  6.697215615834321e-01
-1.871000000000000e-02 2.747115595564893e-01  7.031259651398654e-01
-1.871000000000000e-02 3.297137439418585e-01  7.294875136022938e-01
-1.871000000000000e-02 3.777517533325906e-01  7.321151202277835e-01
-1.871000000000000e-02 3.941630862465085e-01  7.068457424671837e-01
-1.871000000000000e-02 3.837582198196356e-01  6.650821998528671e-01
-1.871000000000000e-02 3.589811999343815e-01  6.302249021890308e-01
-1.871000000000000e-02 3.307388609689627e-01  6.186807163818356e-01
-1.871000000000000e-02 3.056436756127179e-01  6.297153139765962e-01
-1.871000000000000e-02 2.914759075533055e-01  6.525910751728008e-01


-1.871000000000000e-02 4.249950722320253e-01  8.499900854757280e-01
-1.871000000000000e-02 4.789420266405817e-01  8.594712431361226e-01
-1.871000000000000e-02 4.941537833209676e-01  8.565569332349793e-01
-1.871000000000000e-02 4.958084743994526e-01  8.469029013084637e-01
-1.871000000000000e-02 4.909387652931186e-01  8.302348376545878e-01
-1.871000000000000e-02 4.802024415056587e-01  8.028201670765618e-01
-1.871000000000000e-02 4.609554338041293e-01  7.572653966323019e-01
-1.871000000000000e-02 4.301005420291913e-01  6.883681124451824e-01
-1.871000000000000e-02 3.908322058879097e-01  6.191302356925705e-01
-1.871000000000000e-02 3.519072366776159e-01  5.838611939160270e-01
-1.871000000000000e-02 3.178912987802764e-01  5.844040310683293e-01
-1.871000000000000e-02 2.850359686680507e-01  6.109341406184965e-01
-1.871000000000000e-02 2.630462924247857e-01  6.465161153613793e-01
-1.871000000000000e-02 2.697328496391007e-01  6.794660682696869e-01
-1.871000000000000e-02 3.046584013441108e-01  7.076853550553563e-01
-1.871000000000000e-02 3.500832369743195e-01  7.210978115049916e-01
-1.871000000000000e-02 3.783721749064969e-01  7.104332913624638e-01
-1.871000000000000e-02 3.804425754424658e-01  6.799930107189280e-01


-1.871000000000000e-02 5.166592701975631e-01  8.499864565787129e-01
-1.871000000000000e-02 4.972266122255896e-01  8.269689283762582e-01
-1.871000000000000e-02 4.794660318518642e-01  7.936104654872091e-01
-1.871000000000000e-02 4.550648897701366e-01  7.403487977521923e-01
-1.871000000000000e-02 4.202623690344059e-01  6.662828659114345e-01
-1.871000000000000e-02 3.795230674413981e-01  6.041257723470793e-01
-1.871000000000000e-02 3.421664391315351e-01  5.796645517280741e-01
-1.871000000000000e-02 3.086755335669868e-01  5.887051195304543e-01
-1.871000000000000e-02 2.766961391987952e-01  6.199581113565378e-01
-1.871000000000000e-02 2.610139990247837e-01  6.554636606037930e-01
-1.871000000000000e-02 2.759547069520187e-01  6.876246107975865e-01
-1.871000000000000e-02 3.164020611424309e-01  7.135126610000396e-01
-1.871000000000000e-02 3.601231188274441e-01  7.212002603089021e-01
-1.871000000000000e-02 3.816458210643065e-01  7.043824724740988e-01
-1.871000000000000e-02 3.779451942872715e-01  6.709722259663433e-01
-1.871000000000000e-02 3.586051001691170e-01  6.399480783982385e-01
-1.871000000000000e-02 3.339811628140134e-01  6.271092270619479e-01
-1.871000000000000e-02 3.115889829772114e-01  6.342164296486353e-01


