-1.871000000000000e-02 1.499986987113469e-01  8.499889450193328e-01
-1.871000000000000e-02 2.949660986247251e-01  8.833363519042652e-01
-1.871000000000000e-02 4.544360830062229e-01  9.202726184675992e-01
-1.871000000000000e-02 5.122151789111007e-01  9.345878872464487e-01
-1.871000000000000e-02 5.298411735245022e-01  9.425629319901530e-01
-1.871000000000000e-02 5.366369535308424e-01  9.488763344351977e-01
-1.871000000000000e-02 5.402086859539628e-01  9.545459723003756e-01
-1.871000000000000e-02 5.427291831815088e-01  9.597790967786669e-01
-1.871000000000000e-02 5.448461155833441e-01  9.646065601485924e-01
-1.871000000000000e-02 5.467377797217514e-01  9.689952249172518e-01
-1.871000000000000e-02 5.484577436735011e-01  9.729490530285763e-01
-1.871000000000000e-02 5.500183026568516e-01  9.764752979337505e-01
-1.871000000000000e-02 5.514309951899881e-01  9.795995698949698e-01
-1.871000000000000e-02 5.526933922499443e-01  9.823402149562761e-01
-1.871000000000000e-02 5.538182927063861e-01  9.847444041904765e-01
-1.871000000000000e-02 5.548191268216984e-01  9.868300476216577e-01
-1.871000000000000e-02 5.556952089522732e-01  9.886429492632416e-01
-1.871000000000000e-02 5.564637834748876e-01  9.902146204394205e-01


-1.871000000000000e-02 2.416621908262250e-01  8.499876125193639e-01
-1.871000000000000e-02 4.123815614336032e-01  8.984274754465728e-01
-1.871000000000000e-02 4.961206479811215e-01  9.185395039838413e-01
-1.871000000000000e-02 5.212153317430673e-01  9.278561602431554e-01
-1.871000000000000e-02 5.302018067113456e-01  9.346463357297643e-01
-1.871000000000000e-02 5.345240180186025e-01  9.407776452801704e-01
-1.871000000000000e-02 5.374108493263332e-01  9.466502671596939e-01
-1.871000000000000e-02 5.398159312571077e-01  9.522877819095702e-01
-1.871000000000000e-02 5.420158870242661e-01  9.576371204219557e-01
-1.871000000000000e-02 5.440699174528473e-01  9.626164463875264e-01
-1.871000000000000e-02 5.459816059838459e-01  9.671821072190500e-01
-1.871000000000000e-02 5.477542489043647e-01  9.713260605193255e-01
-1.871000000000000e-02 5.493757964591928e-01  9.750293883067976e-01
-1.871000000000000e-02 5.508493317582062e-01  9.783260704778904e-01
-1.871000000000000e-02 5.521733256039290e-01  9.812214475133633e-01
-1.871000000000000e-02 5.533548243040005e-01  9.837620315904462e-01
-1.871000000000000e-02 5.544123505163536e-01  9.859889694243270e-01
-1.871000000000000e-02 5.553403206271570e-01  9.879116224552903e-01


