-1.876000000000000e-02 1.500007687722051e-01  7.277707841797334e-01
-1.876000000000000e-02 1.973881671175133e-01  7.182967972238637e-01
-1.876000000000000e-02 2.449570788837446e-01  7.273235544794241e-01
-1.876000000000000e-02 2.997075871257039e-01  7.500987330277564e-01
-1.876000000000000e-02 3.601480543014658e-01  7.778334799609583e-01
-1.876000000000000e-02 4.107233411074616e-01  7.998274629075559e-01
-1.876000000000000e-02 4.423993522969614e-01  8.136024927716778e-01
-1.876000000000000e-02 4.597490808166759e-01  8.220937476993392e-01
-1.876000000000000e-02 4.692463189846774e-01  8.282011192962491e-01
-1.876000000000000e-02 4.749790795810819e-01  8.337063376876573e-01
-1.876000000000000e-02 4.791469907775972e-01  8.396497412399955e-01
-1.876000000000000e-02 4.829034893644388e-01  8.466740700483009e-01
-1.876000000000000e-02 4.868500422028667e-01  8.551844313517114e-01
-1.876000000000000e-02 4.912727729427088e-01  8.653803998322729e-01
-1.876000000000000e-02 4.962382482539303e-01  8.772143863518467e-01
-1.876000000000000e-02 5.016324864075513e-01  8.903403140182938e-01
-1.876000000000000e-02 5.072286486386258e-01  9.041652546211649e-01
-1.876000000000000e-02 5.127762588549367e-01  9.179755850715192e-01
-1.876000000000000e-02 5.180530554913608e-01  9.310813207024687e-01
-1.876000000000000e-02 5.229066274791179e-01  9.429820295656715e-01
-1.876000000000000e-02 5.272560060064292e-01  9.534015464834472e-01
-1.876000000000000e-02 5.310688913350726e-01  9.622632598435096e-01
-1.876000000000000e-02 5.343499667507231e-01  9.696413717292144e-01
-1.876000000000000e-02 5.371267170283270e-01  9.756840340976292e-01
-1.876000000000000e-02 5.394464217453703e-01  9.805808090780169e-01
-1.876000000000000e-02 5.413760065587447e-01  9.845375962168882e-01
-1.876000000000000e-02 5.429572339543163e-01  9.876949627925221e-01
-1.876000000000000e-02 5.442427862890281e-01  9.902199996226638e-01
-1.876000000000000e-02 5.452967094933033e-01  9.922431303613686e-01
-1.876000000000000e-02 5.461409208329072e-01  9.938340728948823e-01
-1.876000000000000e-02 5.468116214337574e-01  9.951042979485181e-01
-1.876000000000000e-02 5.473517744244514e-01  9.961138160064714e-01
-1.876000000000000e-02 5.477856486712782e-01  9.969161323830048e-01
-1.876000000000000e-02 5.481332170354744e-01  9.975535353804275e-01
-1.876000000000000e-02 5.484112969234586e-01  9.980604920387627e-01
-1.876000000000000e-02 5.486345492021605e-01  9.984658110315272e-01
-1.876000000000000e-02 5.488152773901577e-01  9.987916474450509e-01
-1.876000000000000e-02 5.489623568228523e-01  9.990533560085072e-01
-1.876000000000000e-02 5.490815600662272e-01  9.992621677063194e-01
-1.876000000000000e-02 5.491770738800570e-01  9.994272993070199e-01
-1.876000000000000e-02 5.492525951272573e-01  9.995568248256076e-01
-1.876000000000000e-02 5.493116347376705e-01  9.996577739072269e-01
-1.876000000000000e-02 5.493574127411585e-01  9.997360923550770e-01
-1.876000000000000e-02 5.493927233525395e-01  9.997966664375885e-01
-1.876000000000000e-02 5.494198795081431e-01  9.998434229302241e-01
-1.876000000000000e-02 5.494407343458729e-01  9.998794683757568e-01
-1.876000000000000e-02 5.494567416165180e-01  9.999072348720897e-01
-1.876000000000000e-02 5.494690276618123e-01  9.999286137663005e-01


-1.876000000000000e-02 1.907383980328239e-01  7.277685199198454e-01
-1.876000000000000e-02 2.450890658510346e-01  7.363918499181215e-01
-1.876000000000000e-02 3.070482674025873e-01  7.614073620766189e-01
-1.876000000000000e-02 3.725594538019294e-01  7.909145209943557e-01
-1.876000000000000e-02 4.232773587357276e-01  8.134281572318144e-01
-1.876000000000000e-02 4.532598691756843e-01  8.281933728354145e-01
-1.876000000000000e-02 4.697336292958323e-01  8.389563347770311e-01
-1.876000000000000e-02 4.795238946281065e-01  8.486169295327028e-01
-1.876000000000000e-02 4.864526124093141e-01  8.587524582950582e-01
-1.876000000000000e-02 4.923887608509459e-01  8.700724004878333e-01
-1.876000000000000e-02 4.981285240144879e-01  8.826871218094581e-01
-1.876000000000000e-02 5.038859988220517e-01  8.962649634417666e-01
-1.876000000000000e-02 5.095936768008901e-01  9.101987833486196e-01
-1.876000000000000e-02 5.150866353564594e-01  9.237845273266144e-01
-1.876000000000000e-02 5.202114927442552e-01  9.364228749378442e-01
-1.876000000000000e-02 5.248582894158812e-01  9.476971193153270e-01
-1.876000000000000e-02 5.289714475899252e-01  9.574304704604408e-01
-1.876000000000000e-02 5.325442974263339e-01  9.656242078745902e-01
-1.876000000000000e-02 5.355977557403369e-01  9.723951253228684e-01
-1.876000000000000e-02 5.381782943822883e-01  9.779242933435385e-01
-1.876000000000000e-02 5.403247014306848e-01  9.823896767892378e-01
-1.876000000000000e-02 5.420934977351598e-01  9.859709999659518e-01
-1.876000000000000e-02 5.435391796177431e-01  9.888410792077555e-01
-1.876000000000000e-02 5.447182593015553e-01  9.911410777973679e-01
-1.876000000000000e-02 5.456786569146640e-01  9.929598787639498e-01
-1.876000000000000e-02 5.464440778028009e-01  9.944085550849974e-01
-1.876000000000000e-02 5.470553611702039e-01  9.955608378739756e-01
-1.876000000000000e-02 5.475475954081103e-01  9.964766804084617e-01
-1.876000000000000e-02 5.479425803324662e-01  9.972044305506574e-01
-1.876000000000000e-02 5.482587457559520e-01  9.977826492396796e-01
-1.876000000000000e-02 5.485118888135688e-01  9.982433257973576e-01
-1.876000000000000e-02 5.487157856510088e-01  9.986126737898349e-01
-1.876000000000000e-02 5.488813671921144e-01  9.989097410976356e-01
-1.876000000000000e-02 5.490160474824766e-01  9.991477999360939e-01
-1.876000000000000e-02 5.491247379998331e-01  9.993370361960745e-01
-1.876000000000000e-02 5.492113328935145e-01  9.994861422196845e-01
-1.876000000000000e-02 5.492794490909295e-01  9.996027534735407e-01
-1.876000000000000e-02 5.493324941016858e-01  9.996934426628237e-01
-1.876000000000000e-02 5.493735198216149e-01  9.997636982489022e-01
-1.876000000000000e-02 5.494051176171802e-01  9.998179842281538e-01
-1.876000000000000e-02 5.494294000904256e-01  9.998598615714150e-01
-1.876000000000000e-02 5.494480423072250e-01  9.998921334377794e-01
-1.876000000000000e-02 5.494623504615721e-01  9.999169873413892e-01
-1.876000000000000e-02 5.494733334557550e-01  9.999361209851808e-01
-1.876000000000000e-02 5.494817662553678e-01  9.999508474700426e-01
-1.876000000000000e-02 5.494882429436370e-01  9.999621803173049e-01
-1.876000000000000e-02 5.494932189778992e-01  9.999709008325568e-01
-1.876000000000000e-02 5.494970430708619e-01  9.999776108432391e-01


-1.876000000000000e-02 2.314784996565283e-01  7.277687777674173e-01
-1.876000000000000e-02 2.874039168019422e-01  7.484494765898599e-01
-1.876000000000000e-02 3.504849330382451e-01  7.771429227110001e-01
-1.876000000000000e-02 4.058739676546758e-01  8.015777782880354e-01
-1.876000000000000e-02 4.415286872084186e-01  8.175972664159075e-01
-1.876000000000000e-02 4.612646034405856e-01  8.280457767166304e-01
-1.876000000000000e-02 4.722898406133076e-01  8.361765585632144e-01
-1.876000000000000e-02 4.792563055588924e-01  8.440007156662633e-01
-1.876000000000000e-02 4.846247572485732e-01  8.526327317058650e-01
-1.876000000000000e-02 4.896170503116759e-01  8.626431947655093e-01
-1.876000000000000e-02 4.947730588079026e-01  8.742019535071921e-01
-1.876000000000000e-02 5.002217919540318e-01  8.871048319923913e-01
-1.876000000000000e-02 5.058522573382120e-01  9.008424280988326e-01
-1.876000000000000e-02 5.114563215292890e-01  9.147241152252701e-01
-1.876000000000000e-02 5.168255727375313e-01  9.280584914939537e-01
-1.876000000000000e-02 5.217941821620201e-01  9.402784500451945e-01
-1.876000000000000e-02 5.262659882227891e-01  9.510592494911804e-01
-1.876000000000000e-02 5.302038643581327e-01  9.602842895743950e-01
-1.876000000000000e-02 5.336058402817790e-01  9.679982835355678e-01
-1.876000000000000e-02 5.364970416792746e-01  9.743398850904464e-01
-1.876000000000000e-02 5.389224488663875e-01  9.794925549379301e-01
-1.876000000000000e-02 5.409403097017745e-01  9.836585548998819e-01
-1.876000000000000e-02 5.425992422668133e-01  9.869902956024487e-01
-1.876000000000000e-02 5.439520302533224e-01  9.896556495937521e-01
-1.876000000000000e-02 5.450591652439749e-01  9.917955833629863e-01
-1.876000000000000e-02 5.459512012306081e-01  9.934755568747794e-01
-1.876000000000000e-02 5.466603479629180e-01  9.948193045459006e-01
-1.876000000000000e-02 5.472300142436139e-01  9.958872964562402e-01
-1.876000000000000e-02 5.476879548290198e-01  9.967361311055636e-01
-1.876000000000000e-02 5.480550280033851e-01  9.974105382590618e-01
-1.876000000000000e-02 5.483487167270304e-01  9.979466024867176e-01
-1.876000000000000e-02 5.485841637221964e-01  9.983745044255250e-01
-1.876000000000000e-02 5.487743583198881e-01  9.987181893623657e-01
-1.876000000000000e-02 5.489290570726838e-01  9.989944650772483e-01
-1.876000000000000e-02 5.490546705648929e-01  9.992153415356869e-01
-1.876000000000000e-02 5.491556429155606e-01  9.993903968058978e-01
-1.876000000000000e-02 5.492357338605561e-01  9.995279615056156e-01
-1.876000000000000e-02 5.492985025726437e-01  9.996353254155044e-01
-1.876000000000000e-02 5.493472559534568e-01  9.997187012565693e-01
-1.876000000000000e-02 5.493849004550369e-01  9.997832282124489e-01
-1.876000000000000e-02 5.494138678344667e-01  9.998330562930212e-01
-1.876000000000000e-02 5.494361190727524e-01  9.998714795044172e-01
-1.876000000000000e-02 5.494531994402099e-01  9.999010822900066e-01
-1.876000000000000e-02 5.494663088040209e-01  9.999238772232728e-01
-1.876000000000000e-02 5.494763723157843e-01  9.999414241893191e-01
-1.876000000000000e-02 5.494840998046137e-01  9.999549287222865e-01
-1.876000000000000e-02 5.494900357036518e-01  9.999653208659366e-01
-1.876000000000000e-02 5.494945964734098e-01  9.999733173607097e-01


-1.876000000000000e-02 1.500012530812954e-01  7.685113808643744e-01
-1.876000000000000e-02 2.218789829201422e-01  7.659426823506382e-01
-1.876000000000000e-02 3.077211792213592e-01  7.937410905875284e-01
-1.876000000000000e-02 3.933268282857980e-01  8.297400921307194e-01
-1.876000000000000e-02 4.502032412427601e-01  8.564002557939288e-01
-1.876000000000000e-02 4.797979592776856e-01  8.755332808486274e-01
-1.876000000000000e-02 4.956832854029111e-01  8.915983348950028e-01
-1.876000000000000e-02 5.055815380010786e-01  9.064976677475913e-01
-1.876000000000000e-02 5.128102588670097e-01  9.205742121325386e-01
-1.876000000000000e-02 5.186825914094255e-01  9.335869985590469e-01
-1.876000000000000e-02 5.236954648023173e-01  9.452406113840472e-01
-1.876000000000000e-02 5.280300080888493e-01  9.553449322281988e-01
-1.876000000000000e-02 5.317598874829217e-01  9.638845457963823e-01
-1.876000000000000e-02 5.349426676107937e-01  9.709671070742305e-01
-1.876000000000000e-02 5.376311296075074e-01  9.767694708553530e-01
-1.876000000000000e-02 5.398699711512830e-01  9.814575348831301e-01
-1.876000000000000e-02 5.417254523373550e-01  9.852350316048409e-01
-1.876000000000000e-02 5.432419052535212e-01  9.882527204312077e-01
-1.876000000000000e-02 5.444741637760402e-01  9.906679600163827e-01
-1.876000000000000e-02 5.454833482201835e-01  9.925925951050177e-01
-1.876000000000000e-02 5.462893126111644e-01  9.941146797649966e-01
-1.876000000000000e-02 5.469306059529059e-01  9.953272920022236e-01
-1.876000000000000e-02 5.474473556326256e-01  9.962910569354415e-01
-1.876000000000000e-02 5.478622538432129e-01  9.970569587016010e-01
-1.876000000000000e-02 5.481944929346650e-01  9.976654313338683e-01
-1.876000000000000e-02 5.484603718119527e-01  9.981497224218490e-01
-1.876000000000000e-02 5.486741400358873e-01  9.985374472867508e-01
-1.876000000000000e-02 5.488474722828330e-01  9.988492672285395e-01
-1.876000000000000e-02 5.489885303774920e-01  9.990994764745789e-01
-1.876000000000000e-02 5.491026383504366e-01  9.992987648101446e-01
-1.876000000000000e-02 5.491938222943519e-01  9.994560873253736e-01
-1.876000000000000e-02 5.492657387151210e-01  9.995793092065128e-01
-1.876000000000000e-02 5.493218523211618e-01  9.996752434203474e-01
-1.876000000000000e-02 5.493653063749072e-01  9.997496169596231e-01
-1.876000000000000e-02 5.493987992239975e-01  9.998071123960129e-01
-1.876000000000000e-02 5.494245472459504e-01  9.998514790157315e-01
-1.876000000000000e-02 5.494443175066671e-01  9.998856756004688e-01
-1.876000000000000e-02 5.494594916029490e-01  9.999120148321226e-01
-1.876000000000000e-02 5.494711386997954e-01  9.999322933669502e-01
-1.876000000000000e-02 5.494800807165886e-01  9.999479016925702e-01
-1.876000000000000e-02 5.494869480831822e-01  9.999599134732760e-01
-1.876000000000000e-02 5.494922240540419e-01  9.999691565612743e-01
-1.876000000000000e-02 5.494962784297679e-01  9.999762687312783e-01
-1.876000000000000e-02 5.494993946742145e-01  9.999817410647663e-01
-1.876000000000000e-02 5.495017906612825e-01  9.999859515699341e-01
-1.876000000000000e-02 5.495036332024923e-01  9.999891911657245e-01
-1.876000000000000e-02 5.495050500122406e-01  9.999916837168151e-01
-1.876000000000000e-02 5.495061398778646e-01  9.999936014852618e-01


-1.876000000000000e-02 1.907413842664029e-01  7.685113568126509e-01
-1.876000000000000e-02 2.752378453638297e-01  7.865519457763488e-01
-1.876000000000000e-02 3.679595989007544e-01  8.236997199306442e-01
-1.876000000000000e-02 4.378735969001692e-01  8.544297047734989e-01
-1.876000000000000e-02 4.751331932464818e-01  8.757771147228077e-01
-1.876000000000000e-02 4.942505599240216e-01  8.927294005826106e-01
-1.876000000000000e-02 5.054182465402396e-01  9.079273124922597e-01
-1.876000000000000e-02 5.131130463987953e-01  9.220325899291517e-01
-1.876000000000000e-02 5.191298536147630e-01  9.349534348787701e-01
-1.876000000000000e-02 5.241596120478643e-01  9.464534619076407e-01
-1.876000000000000e-02 5.284571438736163e-01  9.563815049516039e-01
-1.876000000000000e-02 5.321345110754526e-01  9.647524455590299e-01
-1.876000000000000e-02 5.352621315769276e-01  9.716789486427931e-01
-1.876000000000000e-02 5.379019884868342e-01  9.773487135794925e-01
-1.876000000000000e-02 5.400972678415977e-01  9.819251799410560e-01
-1.876000000000000e-02 5.419099661963163e-01  9.856032505201413e-01
-1.876000000000000e-02 5.433909473356716e-01  9.885470984929990e-01
-1.876000000000000e-02 5.445962183201239e-01  9.909046048634061e-01
-1.876000000000000e-02 5.455811234997865e-01  9.927761273835398e-01
-1.876000000000000e-02 5.463668203166216e-01  9.942616979271753e-01
-1.876000000000000e-02 5.469930142516248e-01  9.954441264162849e-01
-1.876000000000000e-02 5.474974903155506e-01  9.963839184216826e-01
-1.876000000000000e-02 5.479024280893251e-01  9.971307359220200e-01
-1.876000000000000e-02 5.482266265334581e-01  9.977240661637999e-01
-1.876000000000000e-02 5.484861270058291e-01  9.981965269672988e-01
-1.876000000000000e-02 5.486949489159384e-01  9.985750538200344e-01
-1.876000000000000e-02 5.488644055855557e-01  9.988795044430134e-01
-1.876000000000000e-02 5.490022831085610e-01  9.991236495175400e-01
-1.876000000000000e-02 5.491136916826930e-01  9.993179190752075e-01
-1.876000000000000e-02 5.492025868742458e-01  9.994711357648913e-01
-1.876000000000000e-02 5.492726051422164e-01  9.995910514578573e-01
-1.876000000000000e-02 5.493271841483963e-01  9.996843606765564e-01
-1.876000000000000e-02 5.493694225433891e-01  9.997566722841144e-01
-1.876000000000000e-02 5.494019660918513e-01  9.998125601549283e-01
-1.876000000000000e-02 5.494269797176838e-01  9.998556796710114e-01
-1.876000000000000e-02 5.494461845279405e-01  9.998889118583145e-01
-1.876000000000000e-02 5.494609246565929e-01  9.999145067935344e-01
-1.876000000000000e-02 5.494722387574641e-01  9.999342115930925e-01
-1.876000000000000e-02 5.494809255144956e-01  9.999493779945254e-01
-1.876000000000000e-02 5.494875971112356e-01  9.999610495267195e-01
-1.876000000000000e-02 5.494927228032309e-01  9.999700307245161e-01
-1.876000000000000e-02 5.494966617062182e-01  9.999769413483144e-01
-1.876000000000000e-02 5.494996892958885e-01  9.999822585905136e-01
-1.876000000000000e-02 5.495020171958529e-01  9.999863497596884e-01
-1.876000000000000e-02 5.495038072626421e-01  9.999894975340335e-01
-1.876000000000000e-02 5.495051839292637e-01  9.999919194380330e-01
-1.876000000000000e-02 5.495062427162581e-01  9.999937828480359e-01
-1.876000000000000e-02 5.495070572393945e-01  9.999952165512549e-01


-1.876000000000000e-02 2.314821472638781e-01  7.685119966639753e-01
-1.876000000000000e-02 3.190484321112328e-01  7.989486771557972e-01
-1.876000000000000e-02 4.026319292288346e-01  8.342991083428982e-01
-1.876000000000000e-02 4.554624050425617e-01  8.597711869578759e-01
-1.876000000000000e-02 4.826741246263161e-01  8.783613137425851e-01
-1.876000000000000e-02 4.974842487176493e-01  8.942399868151270e-01
-1.876000000000000e-02 5.069025560994249e-01  9.090328141229622e-01
-1.876000000000000e-02 5.138882726653535e-01  9.229536023978825e-01
-1.876000000000000e-02 5.196092600071693e-01  9.357519878231402e-01
-1.876000000000000e-02 5.245024571708126e-01  9.471379865832641e-01
-1.876000000000000e-02 5.287259944003535e-01  9.569619938938385e-01
-1.876000000000000e-02 5.323557601222803e-01  9.652359538944031e-01
-1.876000000000000e-02 5.354459864560857e-01  9.720765878275062e-01
-1.876000000000000e-02 5.380548416620398e-01  9.776691997602656e-01
-1.876000000000000e-02 5.402237468827399e-01  9.821838239307713e-01
-1.876000000000000e-02 5.420120387104863e-01  9.858075648507508e-01
-1.876000000000000e-02 5.434733278514005e-01  9.887104316993636e-01
-1.876000000000000e-02 5.446639801501522e-01  9.910359673005235e-01
-1.876000000000000e-02 5.456352943666242e-01  9.928781028990078e-01
-1.876000000000000e-02 5.464097314729129e-01  9.943432394199496e-01
-1.876000000000000e-02 5.470276305807511e-01  9.955089290357721e-01
-1.876000000000000e-02 5.475253075116577e-01  9.964354236662086e-01
-1.876000000000000e-02 5.479247194753826e-01  9.971716545983605e-01
-1.876000000000000e-02 5.482444577924147e-01  9.977565922510323e-01
-1.876000000000000e-02 5.485004265321016e-01  9.982225057437542e-01
-1.876000000000000e-02 5.487065118144163e-01  9.985959352200745e-01
-1.876000000000000e-02 5.488738172546345e-01  9.988962892413694e-01
-1.876000000000000e-02 5.490099224311509e-01  9.991370585772180e-01
-1.876000000000000e-02 5.491198244869557e-01  9.993285358852910e-01
-1.876000000000000e-02 5.492074441907245e-01  9.994794712691690e-01
-1.876000000000000e-02 5.492764069741971e-01  9.995975523904684e-01
-1.876000000000000e-02 5.493301343638904e-01  9.996894065737328e-01
-1.876000000000000e-02 5.493716993034443e-01  9.997605761187862e-01
-1.876000000000000e-02 5.494037174495342e-01  9.998155740555764e-01
-1.876000000000000e-02 5.494283247963651e-01  9.998580034143943e-01
-1.876000000000000e-02 5.494472169454903e-01  9.998907020118254e-01
-1.876000000000000e-02 5.494617169774403e-01  9.999158851863115e-01
-1.876000000000000e-02 5.494728471337966e-01  9.999352726123832e-01
-1.876000000000000e-02 5.494813927802694e-01  9.999501945610825e-01
-1.876000000000000e-02 5.494879560243123e-01  9.999616778931623e-01
-1.876000000000000e-02 5.494929985678730e-01  9.999705142323200e-01
-1.876000000000000e-02 5.494968736490533e-01  9.999773133789212e-01
-1.876000000000000e-02 5.494998523290150e-01  9.999825448388969e-01
-1.876000000000000e-02 5.495021425327837e-01  9.999865700023158e-01
-1.876000000000000e-02 5.495039036322550e-01  9.999896669897096e-01
-1.876000000000000e-02 5.495052579741146e-01  9.999920498158095e-01
-1.876000000000000e-02 5.495062997369311e-01  9.999938831611310e-01
-1.876000000000000e-02 5.495071010705337e-01  9.999952937312815e-01


-1.876000000000000e-02 2.722179638427550e-01  7.685083179487510e-01
-1.876000000000000e-02 3.536457458667658e-01  8.024738879975014e-01
-1.876000000000000e-02 4.213554055364485e-01  8.324500051462608e-01
-1.876000000000000e-02 4.610501058247718e-01  8.533333608129061e-01
-1.876000000000000e-02 4.821661304946247e-01  8.694759554807895e-01
-1.876000000000000e-02 4.945457972589930e-01  8.841615981737082e-01
-1.876000000000000e-02 5.031099373115036e-01  8.985741339881462e-01
-1.876000000000000e-02 5.099393909258131e-01  9.127512615849648e-01
-1.876000000000000e-02 5.158306540035122e-01  9.262875637864436e-01
-1.876000000000000e-02 5.210476060931155e-01  9.387143253691695e-01
-1.876000000000000e-02 5.256596490672429e-01  9.497062405967762e-01
-1.876000000000000e-02 5.296935706368487e-01  9.591408872302032e-01
-1.876000000000000e-02 5.331743741685705e-01  9.670493895473958e-01
-1.876000000000000e-02 5.361345447165383e-01  9.735634180724545e-01
-1.876000000000000e-02 5.386223380003455e-01  9.788622974411669e-01
-1.876000000000000e-02 5.406914012409867e-01  9.831482065576049e-01
-1.876000000000000e-02 5.423941136175833e-01  9.865793962003340e-01
-1.876000000000000e-02 5.437844792819739e-01  9.893273136343078e-01
-1.876000000000000e-02 5.449210910687660e-01  9.915322799887146e-01
-1.876000000000000e-02 5.458407951627754e-01  9.932666081540670e-01
-1.876000000000000e-02 5.465726382139064e-01  9.946530553014392e-01
-1.876000000000000e-02 5.471592312277663e-01  9.957551602831918e-01
-1.876000000000000e-02 5.476310904105994e-01  9.966311208577047e-01
-1.876000000000000e-02 5.480094838717173e-01  9.973271193615666e-01
-1.876000000000000e-02 5.483122733997922e-01  9.978802216599477e-01
-1.876000000000000e-02 5.485548669319488e-01  9.983213557328526e-01
-1.876000000000000e-02 5.487505966600220e-01  9.986754309109710e-01
-1.876000000000000e-02 5.489097108464531e-01  9.989601484271010e-01
-1.876000000000000e-02 5.490390171337294e-01  9.991880082607739e-01
-1.876000000000000e-02 5.491431343916041e-01  9.993688211258581e-01
-1.876000000000000e-02 5.492258699728869e-01  9.995110643335050e-01
-1.876000000000000e-02 5.492908075425139e-01  9.996221714329835e-01
-1.876000000000000e-02 5.493412978219306e-01  9.997085043218129e-01
-1.876000000000000e-02 5.493803087759062e-01  9.997753457540749e-01
-1.876000000000000e-02 5.494103379113511e-01  9.998269739714980e-01
-1.876000000000000e-02 5.494334087856114e-01  9.998667915217173e-01
-1.876000000000000e-02 5.494511191978099e-01  9.998974715164552e-01
-1.876000000000000e-02 5.494647121404952e-01  9.999210973165015e-01
-1.876000000000000e-02 5.494751463937546e-01  9.999392845141771e-01
-1.876000000000000e-02 5.494831583644908e-01  9.999532820867972e-01
-1.876000000000000e-02 5.494893124772714e-01  9.999640537798915e-01
-1.876000000000000e-02 5.494940407846463e-01  9.999723423925846e-01
-1.876000000000000e-02 5.494976747626993e-01  9.999787200295539e-01
-1.876000000000000e-02 5.495004681501866e-01  9.999836271409579e-01
-1.876000000000000e-02 5.495026160834620e-01  9.999874027341741e-01
-1.876000000000000e-02 5.495042677901534e-01  9.999903076966715e-01
-1.876000000000000e-02 5.495055380768686e-01  9.999925427760397e-01
-1.876000000000000e-02 5.495065152519313e-01  9.999942624446352e-01


-1.876000000000000e-02 3.129587312023733e-01  7.685092704050174e-01
-1.876000000000000e-02 3.807870194026877e-01  7.987976343635578e-01
-1.876000000000000e-02 4.307240748894735e-01  8.213644243522398e-01
-1.876000000000000e-02 4.593623173440478e-01  8.365989484374364e-01
-1.876000000000000e-02 4.751963235845384e-01  8.485083851336238e-01
-1.876000000000000e-02 4.849854721299406e-01  8.598030597423282e-01
-1.876000000000000e-02 4.922623270849881e-01  8.717652479241998e-01
-1.876000000000000e-02 4.986203854569536e-01  8.847426256657456e-01
-1.876000000000000e-02 5.046435312068933e-01  8.984939956892620e-01
-1.876000000000000e-02 5.104361828292993e-01  9.124397613053556e-01
-1.876000000000000e-02 5.159225531100635e-01  9.259181318690045e-01
-1.876000000000000e-02 5.209936752459806e-01  9.383594279728882e-01
-1.876000000000000e-02 5.255617138498442e-01  9.493901243597637e-01
-1.876000000000000e-02 5.295893464369059e-01  9.588702184334745e-01
-1.876000000000000e-02 5.330778894385070e-01  9.668234580948226e-01
-1.876000000000000e-02 5.360504956690055e-01  9.733782783447948e-01
-1.876000000000000e-02 5.385521045793557e-01  9.787125977978290e-01
-1.876000000000000e-02 5.406329746953258e-01  9.830269701159520e-01
-1.876000000000000e-02 5.423458511605375e-01  9.864817419686956e-01
-1.876000000000000e-02 5.437449567129771e-01  9.892492864993564e-01
-1.876000000000000e-02 5.448884154513641e-01  9.914695483035323e-01
-1.876000000000000e-02 5.458146642782213e-01  9.932171259703537e-01
-1.876000000000000e-02 5.465519010984489e-01  9.946136554365009e-01
-1.876000000000000e-02 5.471424795646043e-01  9.957238454972472e-01
-1.876000000000000e-02 5.476176266292418e-01  9.966062337023471e-01
-1.876000000000000e-02 5.479986971852873e-01  9.973073491766531e-01
-1.876000000000000e-02 5.483036427580367e-01  9.978644945578063e-01
-1.876000000000000e-02 5.485479331385972e-01  9.983087711792475e-01
-1.876000000000000e-02 5.487449764341807e-01  9.986653074725231e-01
-1.876000000000000e-02 5.489051345934659e-01  9.989520203232481e-01
-1.876000000000000e-02 5.490353113001276e-01  9.991815293636408e-01
-1.876000000000000e-02 5.491401696311141e-01  9.993637032222146e-01
-1.876000000000000e-02 5.492235294912875e-01  9.995070538349436e-01
-1.876000000000000e-02 5.492889803699417e-01  9.996190480282503e-01
-1.876000000000000e-02 5.493398823547841e-01  9.997060823574155e-01
-1.876000000000000e-02 5.493792175516852e-01  9.997734731644511e-01
-1.876000000000000e-02 5.494094990673665e-01  9.998255288538671e-01
-1.876000000000000e-02 5.494327647102020e-01  9.998656776048976e-01
-1.876000000000000e-02 5.494506246235414e-01  9.998966135175287e-01
-1.876000000000000e-02 5.494643325168631e-01  9.999204367326172e-01
-1.876000000000000e-02 5.494748550629676e-01  9.999387760588013e-01
-1.876000000000000e-02 5.494829346937182e-01  9.999528907883222e-01
-1.876000000000000e-02 5.494891406131004e-01  9.999637526735929e-01
-1.876000000000000e-02 5.494939087120877e-01  9.999721107037246e-01
-1.876000000000000e-02 5.494975732435136e-01  9.999785417593309e-01
-1.876000000000000e-02 5.495003900688679e-01  9.999834899790730e-01
-1.876000000000000e-02 5.495025560539090e-01  9.999872972005249e-01
-1.876000000000000e-02 5.495042216246562e-01  9.999902264991811e-01


-1.876000000000000e-02 1.500012739796421e-01  8.092512805851978e-01
-1.876000000000000e-02 2.406443041940392e-01  8.123756115935001e-01
-1.876000000000000e-02 3.558326328444109e-01  8.501579626737863e-01
-1.876000000000000e-02 4.443429768352413e-01  8.841647947155324e-01
-1.876000000000000e-02 4.870895230743875e-01  9.063296414678382e-01
-1.876000000000000e-02 5.067138189661624e-01  9.227016577143955e-01
-1.876000000000000e-02 5.171485115365582e-01  9.362277939172143e-01
-1.876000000000000e-02 5.237748248484628e-01  9.477634183166965e-01
-1.876000000000000e-02 5.286158532584435e-01  9.575568475548463e-01
-1.876000000000000e-02 5.324498738596921e-01  9.657499061680169e-01
-1.876000000000000e-02 5.355930039559822e-01  9.725042675329950e-01
-1.876000000000000e-02 5.382006529051240e-01  9.780132814516148e-01
-1.876000000000000e-02 5.403525762606968e-01  9.824620201216538e-01
-1.876000000000000e-02 5.421194871535999e-01  9.860287819714850e-01
-1.876000000000000e-02 5.435614832173842e-01  9.888873101227094e-01
-1.876000000000000e-02 5.447371311190357e-01  9.911782912562738e-01
-1.876000000000000e-02 5.456938910356715e-01  9.929888866224093e-01
-1.876000000000000e-02 5.464562028472058e-01  9.944317102147257e-01
-1.876000000000000e-02 5.470651758076003e-01  9.955792406804916e-01
-1.876000000000000e-02 5.475554920880220e-01  9.964913067755623e-01
-1.876000000000000e-02 5.479489111090496e-01  9.972160501805077e-01
-1.876000000000000e-02 5.482638113684803e-01  9.977918877166656e-01
-1.876000000000000e-02 5.485159538994591e-01  9.982507093136033e-01
-1.876000000000000e-02 5.487190758107295e-01  9.986186106020846e-01
-1.876000000000000e-02 5.488840458670123e-01  9.989145115203056e-01
-1.876000000000000e-02 5.490182200246287e-01  9.991516080271389e-01
-1.876000000000000e-02 5.491264799948935e-01  9.993400488518067e-01
-1.876000000000000e-02 5.492127110076976e-01  9.994885059127264e-01
-1.876000000000000e-02 5.492805268111738e-01  9.996045960030854e-01
-1.876000000000000e-02 5.493333298418352e-01  9.996948722951449e-01
-1.876000000000000e-02 5.493741645170249e-01  9.997648040507375e-01
-1.876000000000000e-02 5.494056134246197e-01  9.998188378206240e-01
-1.876000000000000e-02 5.494297809042814e-01  9.998605196372816e-01
-1.876000000000000e-02 5.494483346106409e-01  9.998926403654417e-01
-1.876000000000000e-02 5.494625747960949e-01  9.999173776538532e-01
-1.876000000000000e-02 5.494735056650194e-01  9.999364214237664e-01
-1.876000000000000e-02 5.494818984932660e-01  9.999510786867974e-01
-1.876000000000000e-02 5.494883445228742e-01  9.999623582419890e-01
-1.876000000000000e-02 5.494932970314176e-01  9.999710377407407e-01
-1.876000000000000e-02 5.494971030678075e-01  9.999777161847607e-01
-1.876000000000000e-02 5.495000285845146e-01  9.999828547651832e-01
-1.876000000000000e-02 5.495022780696273e-01  9.999868084616644e-01
-1.876000000000000e-02 5.495040078681300e-01  9.999898504604815e-01
-1.876000000000000e-02 5.495053383121989e-01  9.999921909801051e-01
-1.876000000000000e-02 5.495063613744517e-01  9.999939917715652e-01
-1.876000000000000e-02 5.495071484325732e-01  9.999953772961894e-01
-1.876000000000000e-02 5.495077541202503e-01  9.999964433133615e-01
-1.876000000000000e-02 5.495082196054716e-01  9.999972635033632e-01


-1.876000000000000e-02 1.907414571668772e-01  8.092513026994741e-01
-1.876000000000000e-02 2.999102569645289e-01  8.335784212455769e-01
-1.876000000000000e-02 4.098018916867346e-01  8.729044401738505e-01
-1.876000000000000e-02 4.724357569367931e-01  8.997719036202104e-01
-1.876000000000000e-02 5.003373751716804e-01  9.180741386277408e-01
-1.876000000000000e-02 5.139368390957393e-01  9.325028416578369e-01
-1.876000000000000e-02 5.218431904704270e-01  9.446432607964952e-01
-1.876000000000000e-02 5.272657612871731e-01  9.549447923718122e-01
-1.876000000000000e-02 5.314103763797308e-01  9.635820416688703e-01
-1.876000000000000e-02 5.347564492112384e-01  9.707297486105736e-01
-1.876000000000000e-02 5.375131399296399e-01  9.765781049173625e-01
-1.876000000000000e-02 5.397849147678421e-01  9.813037700014121e-01
-1.876000000000000e-02 5.416608122453894e-01  9.851139156753638e-01
-1.876000000000000e-02 5.431912876816115e-01  9.881559479688627e-01
-1.876000000000000e-02 5.444335261694825e-01  9.905902119071571e-01
-1.876000000000000e-02 5.454509375020491e-01  9.925322252933628e-01
-1.876000000000000e-02 5.462636729266154e-01  9.940662540577055e-01
-1.876000000000000e-02 5.469100295544796e-01  9.952888096090814e-01
-1.876000000000000e-02 5.474308398787096e-01  9.962604705109264e-01
-1.876000000000000e-02 5.478490232505003e-01  9.970326574009805e-01
-1.876000000000000e-02 5.481839120656422e-01  9.976461202018319e-01
-1.876000000000000e-02 5.484518950612745e-01  9.981343149134725e-01
-1.876000000000000e-02 5.486672962754985e-01  9.985250720467044e-01
-1.876000000000000e-02 5.488419047266245e-01  9.988393150225784e-01
-1.876000000000000e-02 5.489840065045016e-01  9.990915155913985e-01
-1.876000000000000e-02 5.490989989966597e-01  9.992924526018359e-01
-1.876000000000000e-02 5.491909339248926e-01  9.994511253583166e-01
-1.876000000000000e-02 5.492634739660260e-01  9.995754357407840e-01
-1.876000000000000e-02 5.493200932444725e-01  9.996722349716738e-01
-1.876000000000000e-02 5.493639477539329e-01  9.997472884302600e-01
-1.876000000000000e-02 5.493977536535747e-01  9.998053141949859e-01
-1.876000000000000e-02 5.494237438742997e-01  9.998500923508932e-01
-1.876000000000000e-02 5.494437008847187e-01  9.998846072367757e-01
-1.876000000000000e-02 5.494590184001586e-01  9.999111921537245e-01
-1.876000000000000e-02 5.494707754605086e-01  9.999316600844544e-01
-1.876000000000000e-02 5.494798018115243e-01  9.999474143040401e-01
-1.876000000000000e-02 5.494867338375883e-01  9.999595384123295e-01
-1.876000000000000e-02 5.494920594133191e-01  9.999688679612128e-01
-1.876000000000000e-02 5.494961518920545e-01  9.999760466697181e-01
-1.876000000000000e-02 5.494992974095704e-01  9.999815702052268e-01
-1.876000000000000e-02 5.495017158720074e-01  9.999858201079765e-01
-1.876000000000000e-02 5.495035756907233e-01  9.999890900170395e-01
-1.876000000000000e-02 5.495050058085295e-01  9.999916058940793e-01
-1.876000000000000e-02 5.495061058603810e-01  9.999935416077593e-01
-1.876000000000000e-02 5.495069519679494e-01  9.999950309421226e-01
-1.876000000000000e-02 5.495076029064527e-01  9.999961768285573e-01
-1.876000000000000e-02 5.495081032162494e-01  9.999970584706694e-01
-1.876000000000000e-02 5.495084882370942e-01  9.999977368020557e-01


-1.876000000000000e-02 2.314786405138203e-01  8.092487746718181e-01
-1.876000000000000e-02 3.455531618256946e-01  8.454679951077557e-01
-1.876000000000000e-02 4.380641021221608e-01  8.807035079291532e-01
-1.876000000000000e-02 4.840551119731720e-01  9.037339294342611e-01
-1.876000000000000e-02 5.050692053215724e-01  9.205346204212698e-01
-1.876000000000000e-02 5.160862519323497e-01  9.343476497969756e-01
-1.876000000000000e-02 5.229905356025488e-01  9.461513001293481e-01
-1.876000000000000e-02 5.279907260108739e-01  9.561914399810824e-01
-1.876000000000000e-02 5.319320598491564e-01  9.646134488107112e-01
-1.876000000000000e-02 5.351613337705710e-01  9.715703782163926e-01
-1.876000000000000e-02 5.378425268188928e-01  9.772624308899132e-01
-1.876000000000000e-02 5.400567237942262e-01  9.818560137257419e-01
-1.876000000000000e-02 5.418802922176110e-01  9.855488922712559e-01
-1.876000000000000e-02 5.433681240633567e-01  9.885036822937490e-01
-1.876000000000000e-02 5.445778964809983e-01  9.908697065103834e-01
-1.876000000000000e-02 5.455666095214363e-01  9.927490644263909e-01
-1.876000000000000e-02 5.463553721061125e-01  9.942400411680924e-01
-1.876000000000000e-02 5.469838052475211e-01  9.954269159110636e-01
-1.876000000000000e-02 5.474900980552372e-01  9.963702394607109e-01
-1.876000000000000e-02 5.478965070368823e-01  9.971198684180181e-01
-1.876000000000000e-02 5.482218912414405e-01  9.977154283788243e-01
-1.876000000000000e-02 5.484823308938443e-01  9.981896297817704e-01
-1.876000000000000e-02 5.486918805775698e-01  9.985695108662589e-01
-1.876000000000000e-02 5.488619082824133e-01  9.988750483238845e-01
-1.876000000000000e-02 5.490002557939985e-01  9.991200884443151e-01
-1.876000000000000e-02 5.491120633578233e-01  9.993150985475793e-01
-1.876000000000000e-02 5.492012964098579e-01  9.994689206408552e-01
-1.876000000000000e-02 5.492715946129888e-01  9.995893234760177e-01
-1.876000000000000e-02 5.493263996970940e-01  9.996830192435314e-01
-1.876000000000000e-02 5.493688170786648e-01  9.997556343560631e-01
-1.876000000000000e-02 5.494015003033041e-01  9.998117587856520e-01
-1.876000000000000e-02 5.494266219876737e-01  9.998550617815399e-01
-1.876000000000000e-02 5.494459098972531e-01  9.998884358412831e-01
-1.876000000000000e-02 5.494607139049004e-01  9.999141402601963e-01
-1.876000000000000e-02 5.494720769193497e-01  9.999339294529677e-01
-1.876000000000000e-02 5.494808011472090e-01  9.999491608545014e-01
-1.876000000000000e-02 5.494875015839743e-01  9.999608824335360e-01
-1.876000000000000e-02 5.494926494393962e-01  9.999699021510901e-01
-1.876000000000000e-02 5.494966053349198e-01  9.999768424190152e-01
-1.876000000000000e-02 5.494996459635125e-01  9.999821824726243e-01
-1.876000000000000e-02 5.495019838886324e-01  9.999862911931354e-01
-1.876000000000000e-02 5.495037816476587e-01  9.999894524724815e-01
-1.876000000000000e-02 5.495051642651723e-01  9.999918847675027e-01
-1.876000000000000e-02 5.495062276010170e-01  9.999937561732772e-01
-1.876000000000000e-02 5.495070456174413e-01  9.999951960270541e-01
-1.876000000000000e-02 5.495076749973860e-01  9.999963038463791e-01
-1.876000000000000e-02 5.495081587507193e-01  9.999971561966834e-01
-1.876000000000000e-02 5.495085309668984e-01  9.999978119928318e-01


-1.876000000000000e-02 2.722218582315070e-01  8.092516193860355e-01
-1.876000000000000e-02 3.794705673335067e-01  8.488547204946987e-01
-1.876000000000000e-02 4.531090480705002e-01  8.797785758303553e-01
-1.876000000000000e-02 4.885018772424405e-01  9.006504332996367e-01
-1.876000000000000e-02 5.056779503242151e-01  9.169130149771243e-01
-1.876000000000000e-02 5.154138950559457e-01  9.308325464479380e-01
-1.876000000000000e-02 5.219552585521550e-01  9.429834912409858e-01
-1.876000000000000e-02 5.269314529055363e-01  9.534692786467621e-01
-1.876000000000000e-02 5.309723801134176e-01  9.623393908549890e-01
-1.876000000000000e-02 5.343335867995452e-01  9.697098186841508e-01
-1.876000000000000e-02 5.371364809541920e-01  9.757417042705087e-01
-1.876000000000000e-02 5.394628915811528e-01  9.806278739046984e-01
-1.876000000000000e-02 5.413926816978506e-01  9.845755290580325e-01
-1.876000000000000e-02 5.429719474561061e-01  9.877253503252291e-01
-1.876000000000000e-02 5.442550907242277e-01  9.902443954118864e-01
-1.876000000000000e-02 5.453068248933490e-01  9.922622881590784e-01
-1.876000000000000e-02 5.461490294033777e-01  9.938494643560040e-01
-1.876000000000000e-02 5.468181239569411e-01  9.951165300620649e-01
-1.876000000000000e-02 5.473570066039884e-01  9.961235384925137e-01
-1.876000000000000e-02 5.477898456911303e-01  9.969238577586843e-01
-1.876000000000000e-02 5.481365756149432e-01  9.975596730690315e-01
-1.876000000000000e-02 5.484139860014123e-01  9.980653837070084e-01
-1.876000000000000e-02 5.486367168208957e-01  9.984697360207361e-01
-1.876000000000000e-02 5.488170391233554e-01  9.987948049477020e-01
-1.876000000000000e-02 5.489637899171134e-01  9.990558851553958e-01
-1.876000000000000e-02 5.490827155853060e-01  9.992641763522228e-01
-1.876000000000000e-02 5.491779932337011e-01  9.994288805631640e-01
-1.876000000000000e-02 5.492533173081968e-01  9.995580605649851e-01
-1.876000000000000e-02 5.493121965699479e-01  9.996587344293917e-01
-1.876000000000000e-02 5.493578469565740e-01  9.997368361822837e-01
-1.876000000000000e-02 5.493930576763094e-01  9.997972410473928e-01
-1.876000000000000e-02 5.494201363719615e-01  9.998438661281261e-01
-1.876000000000000e-02 5.494409315597124e-01  9.998798098825881e-01
-1.876000000000000e-02 5.494568929677929e-01  9.999074978658195e-01
-1.876000000000000e-02 5.494691438541058e-01  9.999288162232162e-01
-1.876000000000000e-02 5.494785489881336e-01  9.999452255621574e-01
-1.876000000000000e-02 5.494857716486197e-01  9.999578540896256e-01
-1.876000000000000e-02 5.494913201440059e-01  9.999675719073211e-01
-1.876000000000000e-02 5.494955837194679e-01  9.999750494275873e-01
-1.876000000000000e-02 5.494988608013225e-01  9.999808029022608e-01
-1.876000000000000e-02 5.495013801484389e-01  9.999852297357589e-01
-1.876000000000000e-02 5.495033174365892e-01  9.999886357826012e-01
-1.876000000000000e-02 5.495048072315522e-01  9.999912564046697e-01
-1.876000000000000e-02 5.495059530683586e-01  9.999932727128772e-01
-1.876000000000000e-02 5.495068344529144e-01  9.999948240534899e-01
-1.876000000000000e-02 5.495075124660685e-01  9.999960176510335e-01
-1.876000000000000e-02 5.495080336956416e-01  9.999969359995391e-01
-1.876000000000000e-02 5.495084347369685e-01  9.999976425721114e-01


-1.876000000000000e-02 3.129618240436591e-01  8.092513884399283e-01
-1.876000000000000e-02 4.050044416996793e-01  8.465988545270078e-01
-1.876000000000000e-02 4.613148318783128e-01  8.732407548677935e-01
-1.876000000000000e-02 4.890408760577478e-01  8.923895802308869e-01
-1.876000000000000e-02 5.036157786570985e-01  9.083638454063491e-01
-1.876000000000000e-02 5.126196035424539e-01  9.226964769150848e-01
-1.876000000000000e-02 5.191197232076510e-01  9.356358982859692e-01
-1.876000000000000e-02 5.243097956891505e-01  9.470724377027331e-01
-1.876000000000000e-02 5.286455979634482e-01  9.569166946121243e-01
-1.876000000000000e-02 5.323180162402269e-01  9.652012644550554e-01
-1.876000000000000e-02 5.354251913074234e-01  9.720489432786804e-01
-1.876000000000000e-02 5.380414411630400e-01  9.776472479106620e-01
-1.876000000000000e-02 5.402140690814721e-01  9.821661814229813e-01
-1.876000000000000e-02 5.420047022311898e-01  9.857936153808290e-01
-1.876000000000000e-02 5.434675734222750e-01  9.886992863384410e-01
-1.876000000000000e-02 5.446593050634421e-01  9.910270036256910e-01
-1.876000000000000e-02 5.456315803661310e-01  9.928711383216356e-01
-1.876000000000000e-02 5.464067975263868e-01  9.943376738617705e-01
-1.876000000000000e-02 5.470252653929740e-01  9.955045059677498e-01
-1.876000000000000e-02 5.475234077055743e-01  9.964319082361636e-01
-1.876000000000000e-02 5.479231975107071e-01  9.971688617784850e-01
-1.876000000000000e-02 5.482432404657370e-01  9.977543721023094e-01
-1.876000000000000e-02 5.484994500576859e-01  9.982207321436365e-01
-1.876000000000000e-02 5.487057220047229e-01  9.985945094555522e-01
-1.876000000000000e-02 5.488731743541939e-01  9.988951433113011e-01
-1.876000000000000e-02 5.490094007554811e-01  9.991361433378479e-01
-1.876000000000000e-02 5.491194058510451e-01  9.993278114192697e-01
-1.876000000000000e-02 5.492071127507142e-01  9.994789026002237e-01
-1.876000000000000e-02 5.492761476231646e-01  9.995971089546175e-01
-1.876000000000000e-02 5.493299331115420e-01  9.996890624248321e-01
-1.876000000000000e-02 5.493715440300277e-01  9.997603098832285e-01
-1.876000000000000e-02 5.494035980217566e-01  9.998153685234352e-01
-1.876000000000000e-02 5.494282330657354e-01  9.998578449512050e-01
-1.876000000000000e-02 5.494471465438602e-01  9.998905799371218e-01
-1.876000000000000e-02 5.494616629439963e-01  9.999157911927207e-01
-1.876000000000000e-02 5.494728056556231e-01  9.999352002606534e-01
-1.876000000000000e-02 5.494813609485343e-01  9.999501388795735e-01
-1.876000000000000e-02 5.494879315702792e-01  9.999616350450947e-01
-1.876000000000000e-02 5.494929797716472e-01  9.999704812627921e-01
-1.876000000000000e-02 5.494968592014537e-01  9.999772880105715e-01
-1.876000000000000e-02 5.494998412186524e-01  9.999825253188127e-01
-1.876000000000000e-02 5.495021339911300e-01  9.999865549838302e-01
-1.876000000000000e-02 5.495038970653194e-01  9.999896554336642e-01
-1.876000000000000e-02 5.495052529282859e-01  9.999920409263444e-01
-1.876000000000000e-02 5.495062959494266e-01  9.999938763200517e-01
-1.876000000000000e-02 5.495070981533398e-01  9.999952884688554e-01
-1.876000000000000e-02 5.495077153848458e-01  9.999963749693288e-01
-1.876000000000000e-02 5.495081897974063e-01  9.999972109189259e-01


-1.876000000000000e-02 3.537002959345635e-01  8.092501127779975e-01
-1.876000000000000e-02 4.248877940579521e-01  8.404666825043249e-01
-1.876000000000000e-02 4.655340670786318e-01  8.622226614791877e-01
-1.876000000000000e-02 4.867472751164647e-01  8.791263597065468e-01
-1.876000000000000e-02 4.990474614836061e-01  8.943517713573147e-01
-1.876000000000000e-02 5.074541304119722e-01  9.089108842752175e-01
-1.876000000000000e-02 5.140437959582319e-01  9.227617410845009e-01
-1.876000000000000e-02 5.196168856164191e-01  9.355536113608607e-01
-1.876000000000000e-02 5.244606262313141e-01  9.469578923764198e-01
-1.876000000000000e-02 5.286718516046379e-01  9.568062677420553e-01
-1.876000000000000e-02 5.323025659773375e-01  9.651054172081224e-01
-1.876000000000000e-02 5.353985499788838e-01  9.719689827249985e-01
-1.876000000000000e-02 5.380143525467245e-01  9.775826316091503e-01
-1.876000000000000e-02 5.401899077341228e-01  9.821139397742070e-01
-1.876000000000000e-02 5.419845705623143e-01  9.857522518763019e-01
-1.876000000000000e-02 5.434510867582315e-01  9.886662116642606e-01
-1.876000000000000e-02 5.446456446072671e-01  9.910003972718238e-01
-1.876000000000000e-02 5.456206333353546e-01  9.928504703626481e-01
-1.876000000000000e-02 5.463981160393373e-01  9.943211541718773e-01
-1.876000000000000e-02 5.470182556418450e-01  9.954913772786943e-01
-1.876000000000000e-02 5.475177729680252e-01  9.964214735513611e-01
-1.876000000000000e-02 5.479186814538302e-01  9.971605719404131e-01
-1.876000000000000e-02 5.482396277753561e-01  9.977477822326621e-01
-1.876000000000000e-02 5.484965524721995e-01  9.982154680223425e-01
-1.876000000000000e-02 5.487033785929515e-01  9.985902778653400e-01
-1.876000000000000e-02 5.488712667780242e-01  9.988917421446506e-01
-1.876000000000000e-02 5.490078526317370e-01  9.991334266744217e-01
-1.876000000000000e-02 5.491181633121380e-01  9.993256608611376e-01
-1.876000000000000e-02 5.492061288979248e-01  9.994772144111582e-01
-1.876000000000000e-02 5.492753776506532e-01  9.995957924744978e-01
-1.876000000000000e-02 5.493293357419091e-01  9.996880406827642e-01
-1.876000000000000e-02 5.493710830578785e-01  9.997595194394061e-01
-1.876000000000000e-02 5.494032434444147e-01  9.998147582915754e-01
-1.876000000000000e-02 5.494279607407753e-01  9.998573744681042e-01
-1.876000000000000e-02 5.494469375266731e-01  9.998902174950384e-01
-1.876000000000000e-02 5.494615025138834e-01  9.999155121177183e-01
-1.876000000000000e-02 5.494726825111480e-01  9.999349854434962e-01
-1.876000000000000e-02 5.494812663503185e-01  9.999499735555948e-01
-1.876000000000000e-02 5.494878588990603e-01  9.999615078242990e-01
-1.876000000000000e-02 5.494929239394712e-01  9.999703833699602e-01
-1.876000000000000e-02 5.494968162906233e-01  9.999772126885852e-01
-1.876000000000000e-02 5.494998082211483e-01  9.999824673656161e-01
-1.876000000000000e-02 5.495021086245987e-01  9.999865103928739e-01
-1.876000000000000e-02 5.495038775604161e-01  9.999896211267137e-01
-1.876000000000000e-02 5.495052379413596e-01  9.999920145285521e-01
-1.876000000000000e-02 5.495062843261449e-01  9.999938560107211e-01
-1.876000000000000e-02 5.495070892163744e-01  9.999952728420123e-01
-1.876000000000000e-02 5.495077085364918e-01  9.999963629459091e-01


-1.876000000000000e-02 3.944401468537400e-01  8.092502056502059e-01
-1.876000000000000e-02 4.411295046902703e-01  8.310853927379888e-01
-1.876000000000000e-02 4.669927948342122e-01  8.464340278512452e-01
-1.876000000000000e-02 4.815252507099639e-01  8.593167668705247e-01
-1.876000000000000e-02 4.909489511541649e-01  8.719988303781684e-01
-1.876000000000000e-02 4.982540060434340e-01  8.852990426597722e-01
-1.876000000000000e-02 5.046788360612496e-01  8.991831660938049e-01
-1.876000000000000e-02 5.106284252209070e-01  9.131590675829016e-01
-1.876000000000000e-02 5.161639474901333e-01  9.266095734928297e-01
-1.876000000000000e-02 5.212350850380846e-01  9.389838870540701e-01
-1.876000000000000e-02 5.257839534176751e-01  9.499349995728377e-01
-1.876000000000000e-02 5.297873097960423e-01  9.593333282870090e-01
-1.876000000000000e-02 5.332497413251430e-01  9.672089469780880e-01
-1.876000000000000e-02 5.361964300777430e-01  9.736938725288026e-01
-1.876000000000000e-02 5.386728733741979e-01  9.789679350475802e-01
-1.876000000000000e-02 5.407330450921177e-01  9.832337522073117e-01
-1.876000000000000e-02 5.424283734009169e-01  9.866483156137036e-01
-1.876000000000000e-02 5.438124752375364e-01  9.893823764180195e-01
-1.876000000000000e-02 5.449441985297309e-01  9.915765218177670e-01
-1.876000000000000e-02 5.458592680159873e-01  9.933015771683430e-01
-1.876000000000000e-02 5.465873005939532e-01  9.946808912322741e-01
-1.876000000000000e-02 5.471710719477219e-01  9.957772842418064e-01
-1.876000000000000e-02 5.476406056571955e-01  9.966487034765812e-01
-1.876000000000000e-02 5.480171063473316e-01  9.973410868190754e-01
-1.876000000000000e-02 5.483183726098861e-01  9.978913338108829e-01
-1.876000000000000e-02 5.485597678296152e-01  9.983302492216665e-01
-1.876000000000000e-02 5.487545699600622e-01  9.986825854456083e-01
-1.876000000000000e-02 5.489129459627593e-01  9.989658920327595e-01
-1.876000000000000e-02 5.490416361809946e-01  9.991925853727839e-01
-1.876000000000000e-02 5.491452289005325e-01  9.993724358833678e-01
-1.876000000000000e-02 5.492275227323653e-01  9.995138963860648e-01
-1.876000000000000e-02 5.492920975997120e-01  9.996243767446151e-01
-1.876000000000000e-02 5.493422970406818e-01  9.997102142096770e-01
-1.876000000000000e-02 5.493810790318034e-01  9.997766677054575e-01
-1.876000000000000e-02 5.494109300289450e-01  9.998279941089180e-01
-1.876000000000000e-02 5.494338634380757e-01  9.998675778375145e-01
-1.876000000000000e-02 5.494514681887080e-01  9.998980771693150e-01
-1.876000000000000e-02 5.494649800066950e-01  9.999215636138172e-01
-1.876000000000000e-02 5.494753521345139e-01  9.999396434248978e-01
-1.876000000000000e-02 5.494833163922623e-01  9.999535582953053e-01
-1.876000000000000e-02 5.494894338424501e-01  9.999642663230103e-01
-1.876000000000000e-02 5.494941340265185e-01  9.999725059353757e-01
-1.876000000000000e-02 5.494977464263554e-01  9.999788458647119e-01
-1.876000000000000e-02 5.495005232607164e-01  9.999837239612883e-01
-1.876000000000000e-02 5.495026584910825e-01  9.999874772295921e-01
-1.876000000000000e-02 5.495043003927900e-01  9.999903650119707e-01
-1.876000000000000e-02 5.495055631424277e-01  9.999925868756279e-01
-1.876000000000000e-02 5.495065345269114e-01  9.999942963721695e-01


-1.876000000000000e-02 4.351807452053992e-01  8.092505282682161e-01
-1.876000000000000e-02 4.553373650642411e-01  8.184175732223722e-01
-1.876000000000000e-02 4.661838452834969e-01  8.244420863029407e-01
-1.876000000000000e-02 4.723768753177173e-01  8.293333752220533e-01
-1.876000000000000e-02 4.764865113660101e-01  8.342589750221741e-01
-1.876000000000000e-02 4.798709581609144e-01  8.399353933657340e-01
-1.876000000000000e-02 4.832561900968356e-01  8.468442998201439e-01
-1.876000000000000e-02 4.870315297700679e-01  8.553116390281278e-01
-1.876000000000000e-02 4.913785639531777e-01  8.654977214111106e-01
-1.876000000000000e-02 4.963123535215613e-01  8.773346740501524e-01
-1.876000000000000e-02 5.016936688647473e-01  8.904655671350444e-01
-1.876000000000000e-02 5.072838271723058e-01  9.042920225005173e-01
-1.876000000000000e-02 5.128272206837318e-01  9.180985120159164e-01
-1.876000000000000e-02 5.180996612573041e-01  9.311950179137248e-01
-1.876000000000000e-02 5.229486189136022e-01  9.430833855218346e-01
-1.876000000000000e-02 5.272932707114136e-01  9.534891507557040e-01
-1.876000000000000e-02 5.311011686871283e-01  9.623365095511591e-01
-1.876000000000000e-02 5.343774842887090e-01  9.697017641919723e-01
-1.876000000000000e-02 5.371499490674092e-01  9.757334660460084e-01
-1.876000000000000e-02 5.394657474239813e-01  9.806207441855838e-01
-1.876000000000000e-02 5.413920420785624e-01  9.845696690337763e-01
-1.876000000000000e-02 5.429703609600208e-01  9.877206228346348e-01
-1.876000000000000e-02 5.442534264327981e-01  9.902405902875232e-01
-1.876000000000000e-02 5.453053387016362e-01  9.922592983668730e-01
-1.876000000000000e-02 5.461477971780184e-01  9.938470615002530e-01
-1.876000000000000e-02 5.468171208012262e-01  9.951146202107483e-01
-1.876000000000000e-02 5.473561940867739e-01  9.961220204165393e-01
-1.876000000000000e-02 5.477891919212087e-01  9.969226514965032e-01
-1.876000000000000e-02 5.481360517614476e-01  9.975587147041625e-01
-1.876000000000000e-02 5.484135663110365e-01  9.980646198806183e-01
-1.876000000000000e-02 5.486363784072185e-01  9.984691231219239e-01
-1.876000000000000e-02 5.488167640275424e-01  9.987943118963899e-01
-1.876000000000000e-02 5.489635661327831e-01  9.990554902360222e-01
-1.876000000000000e-02 5.490825351486490e-01  9.992638627217765e-01
-1.876000000000000e-02 5.491778496901421e-01  9.994286336733765e-01
-1.876000000000000e-02 5.492532045520400e-01  9.995578676289475e-01
-1.876000000000000e-02 5.493121088550327e-01  9.996585844662444e-01
-1.876000000000000e-02 5.493577791633433e-01  9.997367200515569e-01
-1.876000000000000e-02 5.493930054846177e-01  9.997971513385198e-01
-1.876000000000000e-02 5.494200962712535e-01  9.998437969355828e-01
-1.876000000000000e-02 5.494409007719566e-01  9.998797565671200e-01
-1.876000000000000e-02 5.494568693393491e-01  9.999074568069749e-01
-1.876000000000000e-02 5.494691257131422e-01  9.999287846152860e-01
-1.876000000000000e-02 5.494785350586738e-01  9.999452012350066e-01
-1.876000000000000e-02 5.494857609507492e-01  9.999578353694509e-01
-1.876000000000000e-02 5.494913119261418e-01  9.999675575018319e-01
-1.876000000000000e-02 5.494955774054233e-01  9.999750383436250e-01
-1.876000000000000e-02 5.494988559407823e-01  9.999807943734661e-01


-1.876000000000000e-02 1.500010350810878e-01  8.499906305744803e-01
-1.876000000000000e-02 2.498299947117655e-01  8.545012875455771e-01
-1.876000000000000e-02 3.830861589755097e-01  8.916096494439252e-01
-1.876000000000000e-02 4.690087421689854e-01  9.196661025484478e-01
-1.876000000000000e-02 5.044478475752523e-01  9.368941268744945e-01
-1.876000000000000e-02 5.197289815708638e-01  9.493178943375145e-01
-1.876000000000000e-02 5.275935903651281e-01  9.591572072311711e-01
-1.876000000000000e-02 5.324560166674710e-01  9.671630867937379e-01
-1.876000000000000e-02 5.359107954393632e-01  9.736854068448805e-01
-1.876000000000000e-02 5.385711773256879e-01  9.789694621918151e-01
-1.876000000000000e-02 5.406976441373381e-01  9.832374080181748e-01
-1.876000000000000e-02 5.424166874516333e-01  9.866519565669183e-01
-1.876000000000000e-02 5.438091599155258e-01  9.893854853619329e-01
-1.876000000000000e-02 5.449437564285214e-01  9.915790765669029e-01
-1.876000000000000e-02 5.458596991158340e-01  9.933036147882771e-01
-1.876000000000000e-02 5.465879234911053e-01  9.946825177927830e-01
-1.876000000000000e-02 5.471716797010717e-01  9.957785784072519e-01
-1.876000000000000e-02 5.476411316779572e-01  9.966497323805211e-01
-1.876000000000000e-02 5.480175412945562e-01  9.973419042829910e-01
-1.876000000000000e-02 5.483187255762085e-01  9.978919842259227e-01
-1.876000000000000e-02 5.485600532622067e-01  9.983307698294241e-01
-1.876000000000000e-02 5.487548021466104e-01  9.986830042661902e-01
-1.876000000000000e-02 5.489131352122258e-01  9.989662282413144e-01
-1.876000000000000e-02 5.490417894493551e-01  9.991928532712347e-01
-1.876000000000000e-02 5.491453514731037e-01  9.993726474335158e-01
-1.876000000000000e-02 5.492276194568347e-01  9.995140621150811e-01
-1.876000000000000e-02 5.492921730936225e-01  9.996245057881311e-01
-1.876000000000000e-02 5.493423555083159e-01  9.997103142589602e-01
-1.876000000000000e-02 5.493811240993753e-01  9.997767450551742e-01
-1.876000000000000e-02 5.494109646735483e-01  9.998280537967472e-01
-1.876000000000000e-02 5.494338900399138e-01  9.998676238445097e-01
-1.876000000000000e-02 5.494514886097577e-01  9.998981126063150e-01
-1.876000000000000e-02 5.494649956805697e-01  9.999215908968626e-01
-1.876000000000000e-02 5.494753641618663e-01  9.999396644232598e-01
-1.876000000000000e-02 5.494833256310777e-01  9.999535744554946e-01
-1.876000000000000e-02 5.494894409403026e-01  9.999642787592068e-01
-1.876000000000000e-02 5.494941394807484e-01  9.999725155046362e-01
-1.876000000000000e-02 5.494977506194342e-01  9.999788532276218e-01
-1.876000000000000e-02 5.495005264846827e-01  9.999837296273244e-01
-1.876000000000000e-02 5.495026609722086e-01  9.999874815886586e-01
-1.876000000000000e-02 5.495043022995370e-01  9.999903683668060e-01
-1.876000000000000e-02 5.495055646094770e-01  9.999925894557795e-01
-1.876000000000000e-02 5.495065356461964e-01  9.999942983585789e-01
-1.876000000000000e-02 5.495072825131102e-01  9.999956131832480e-01
-1.876000000000000e-02 5.495078571717066e-01  9.999966248027519e-01
-1.876000000000000e-02 5.495082988609237e-01  9.999974031399628e-01
-1.876000000000000e-02 5.495086388210713e-01  9.999980019893726e-01
-1.876000000000000e-02 5.495089005542346e-01  9.999984627400723e-01


-1.876000000000000e-02 1.907378352836765e-01  8.499886036144368e-01
-1.876000000000000e-02 3.156834466490389e-01  8.741531763665128e-01
-1.876000000000000e-02 4.343311053698770e-01  9.091317190882182e-01
-1.876000000000000e-02 4.910146904741965e-01  9.305820477411663e-01
-1.876000000000000e-02 5.139580242426539e-01  9.447623513373576e-01
-1.876000000000000e-02 5.246467973761704e-01  9.555633843938451e-01
-1.876000000000000e-02 5.306516785346744e-01  9.642481088476921e-01
-1.876000000000000e-02 5.346387635289156e-01  9.713165380579517e-01
-1.876000000000000e-02 5.376036386962489e-01  9.770694879200069e-01
-1.876000000000000e-02 5.399288378654702e-01  9.817040869159448e-01
-1.876000000000000e-02 5.418013551496178e-01  9.854303941191318e-01
-1.876000000000000e-02 5.433132763604183e-01  9.884092669069954e-01
-1.876000000000000e-02 5.445362207637001e-01  9.907938916381551e-01
-1.876000000000000e-02 5.455343888722602e-01  9.926903034916532e-01
-1.876000000000000e-02 5.463302436542379e-01  9.941929985540912e-01
-1.876000000000000e-02 5.469637128525742e-01  9.953895333661034e-01
-1.876000000000000e-02 5.474740109520584e-01  9.963405280410389e-01
-1.876000000000000e-02 5.478836355582245e-01  9.970962635021822e-01
-1.876000000000000e-02 5.482116029253161e-01  9.976966675785782e-01
-1.876000000000000e-02 5.484740863774256e-01  9.981746521073075e-01
-1.876000000000000e-02 5.486852191162220e-01  9.985574753922902e-01
-1.876000000000000e-02 5.488564874061241e-01  9.988653718975726e-01
-1.876000000000000e-02 5.489958536522177e-01  9.991123539807009e-01
-1.876000000000000e-02 5.491085262850449e-01  9.993089710784790e-01
-1.876000000000000e-02 5.491984925666923e-01  9.994641074206402e-01
-1.876000000000000e-02 5.492693986736733e-01  9.995855682011867e-01
-1.876000000000000e-02 5.493246948170961e-01  9.996801037171678e-01
-1.876000000000000e-02 5.493675009630743e-01  9.997533783269568e-01
-1.876000000000000e-02 5.494004875664011e-01  9.998100168594630e-01
-1.876000000000000e-02 5.494258441858552e-01  9.998537186497686e-01
-1.876000000000000e-02 5.494453129623962e-01  9.998874010843669e-01
-1.876000000000000e-02 5.494602557003815e-01  9.999133434906611e-01
-1.876000000000000e-02 5.494717252704252e-01  9.999333161300069e-01
-1.876000000000000e-02 5.494805310304329e-01  9.999486888328544e-01
-1.876000000000000e-02 5.494872940597800e-01  9.999605192002076e-01
-1.876000000000000e-02 5.494924899239778e-01  9.999696226521801e-01
-1.876000000000000e-02 5.494964827797605e-01  9.999766273611443e-01
-1.876000000000000e-02 5.494995517666090e-01  9.999820170022957e-01
-1.876000000000000e-02 5.495019114614335e-01  9.999861638797460e-01
-1.876000000000000e-02 5.495037259938973e-01  9.999893545164655e-01
-1.876000000000000e-02 5.495051215444232e-01  9.999918094003847e-01
-1.876000000000000e-02 5.495061949668315e-01  9.999936981852977e-01
-1.876000000000000e-02 5.495070203967876e-01  9.999951514116882e-01
-1.876000000000000e-02 5.495076555397564e-01  9.999962695191283e-01
-1.876000000000000e-02 5.495081437388751e-01  9.999971297860158e-01
-1.876000000000000e-02 5.495085194151008e-01  9.999977916716772e-01
-1.876000000000000e-02 5.495088085767922e-01  9.999983009222426e-01
-1.876000000000000e-02 5.495090311693132e-01  9.999986927379012e-01


-1.876000000000000e-02 2.314817071773768e-01  8.499912621571455e-01
-1.876000000000000e-02 3.644096459568090e-01  8.853166346205270e-01
-1.876000000000000e-02 4.600456091631573e-01  9.156932867530695e-01
-1.876000000000000e-02 5.006833777618201e-01  9.341420455914581e-01
-1.876000000000000e-02 5.178786732945315e-01  9.471747706584960e-01
-1.876000000000000e-02 5.264938500705620e-01  9.574103312344636e-01
-1.876000000000000e-02 5.316897356961829e-01  9.657301866529701e-01
-1.876000000000000e-02 5.353254189955312e-01  9.725176466368959e-01
-1.876000000000000e-02 5.381102141904540e-01  9.780324793474932e-01
-1.876000000000000e-02 5.403251432053225e-01  9.824799809407735e-01
-1.876000000000000e-02 5.421138051802022e-01  9.860438144851603e-01
-1.876000000000000e-02 5.435628721071690e-01  9.888995301784773e-01
-1.876000000000000e-02 5.447405145299993e-01  9.911881836659499e-01
-1.876000000000000e-02 5.456973569910638e-01  9.929966188125787e-01
-1.876000000000000e-02 5.464592210084420e-01  9.944378856582529e-01
-1.876000000000000e-02 5.470677159666415e-01  9.955841500286933e-01
-1.876000000000000e-02 5.475575706135446e-01  9.964952090456162e-01
-1.876000000000000e-02 5.479505899653065e-01  9.972191503589851e-01
-1.876000000000000e-02 5.482651592708206e-01  9.977943526997489e-01
-1.876000000000000e-02 5.485170373162719e-01  9.982526795312200e-01
-1.876000000000000e-02 5.487199534055259e-01  9.986201948443052e-01
-1.876000000000000e-02 5.488847606066818e-01  9.989157844501443e-01
-1.876000000000000e-02 5.490187997330037e-01  9.991526240713896e-01
-1.876000000000000e-02 5.491269447665457e-01  9.993408525838940e-01
-1.876000000000000e-02 5.492130786429317e-01  9.994891364563212e-01
-1.876000000000000e-02 5.492808143761755e-01  9.996050874893382e-01
-1.876000000000000e-02 5.493335527896934e-01  9.996952536263394e-01
-1.876000000000000e-02 5.493743364825630e-01  9.997650989965636e-01
-1.876000000000000e-02 5.494057456753219e-01  9.998190654905366e-01
-1.876000000000000e-02 5.494298823884397e-01  9.998606951560318e-01
-1.876000000000000e-02 5.494484125126698e-01  9.998927755726822e-01
-1.876000000000000e-02 5.494626346065522e-01  9.999174817580977e-01
-1.876000000000000e-02 5.494735515849986e-01  9.999365015545699e-01
-1.876000000000000e-02 5.494819337592725e-01  9.999511403554079e-01
-1.876000000000000e-02 5.494883716158944e-01  9.999624056974650e-01
-1.876000000000000e-02 5.494933178485648e-01  9.999710742552397e-01
-1.876000000000000e-02 5.494971190692973e-01  9.999777442805586e-01
-1.876000000000000e-02 5.495000408835283e-01  9.999828763828649e-01
-1.876000000000000e-02 5.495022875268114e-01  9.999868250945331e-01
-1.876000000000000e-02 5.495040151429040e-01  9.999898632589749e-01
-1.876000000000000e-02 5.495053438959808e-01  9.999922008259398e-01
-1.876000000000000e-02 5.495063656724870e-01  9.999939993476389e-01
-1.876000000000000e-02 5.495071517415173e-01  9.999953831253963e-01
-1.876000000000000e-02 5.495077566656846e-01  9.999964477984032e-01
-1.876000000000000e-02 5.495082215628040e-01  9.999972669533528e-01
-1.876000000000000e-02 5.495085793293153e-01  9.999978972071748e-01
-1.876000000000000e-02 5.495088544847423e-01  9.999983821208316e-01
-1.876000000000000e-02 5.495090665598249e-01  9.999987552119786e-01


-1.876000000000000e-02 2.722214318723803e-01  8.499911230582485e-01
-1.876000000000000e-02 3.989773561791262e-01  8.887879923360084e-01
-1.876000000000000e-02 4.737771884756388e-01  9.157994747495105e-01
-1.876000000000000e-02 5.049502394124801e-01  9.330005926091052e-01
-1.876000000000000e-02 5.189926053112777e-01  9.458268242835687e-01
-1.876000000000000e-02 5.265644115273247e-01  9.561649987385374e-01
-1.876000000000000e-02 5.314373772286216e-01  9.646640802490590e-01
-1.876000000000000e-02 5.350013106082994e-01  9.716330490498155e-01
-1.876000000000000e-02 5.378007953083497e-01  9.773192806899499e-01
-1.876000000000000e-02 5.400550345242956e-01  9.819036494748949e-01
-1.876000000000000e-02 5.418902739071004e-01  9.855869212392172e-01
-1.876000000000000e-02 5.433802698294727e-01  9.885342290076460e-01
-1.876000000000000e-02 5.445893923058606e-01  9.908943096666829e-01
-1.876000000000000e-02 5.455763334925371e-01  9.927681572453287e-01
-1.876000000000000e-02 5.463632643113072e-01  9.942553248345933e-01
-1.876000000000000e-02 5.469902368037316e-01  9.954390629303331e-01
-1.876000000000000e-02 5.474952908691332e-01  9.963798942942437e-01
-1.876000000000000e-02 5.479006773155931e-01  9.971275389827337e-01
-1.876000000000000e-02 5.482252302808762e-01  9.977215251481525e-01
-1.876000000000000e-02 5.484850090562740e-01  9.981944979204838e-01
-1.876000000000000e-02 5.486940457543197e-01  9.985734231277480e-01
-1.876000000000000e-02 5.488636706926171e-01  9.988781935138102e-01
-1.876000000000000e-02 5.490016866522474e-01  9.991226019490190e-01
-1.876000000000000e-02 5.491132126799719e-01  9.993170893976717e-01
-1.876000000000000e-02 5.492022073063222e-01  9.994704841982458e-01
-1.876000000000000e-02 5.492723079395153e-01  9.995905431998326e-01
-1.876000000000000e-02 5.493269534591068e-01  9.996839661253166e-01
-1.876000000000000e-02 5.493692444814060e-01  9.997563670051604e-01
-1.876000000000000e-02 5.494018291020344e-01  9.998123244553772e-01
-1.876000000000000e-02 5.494268745067175e-01  9.998554979379360e-01
-1.876000000000000e-02 5.494461037476532e-01  9.998887718545686e-01
-1.876000000000000e-02 5.494608626455124e-01  9.999143989893681e-01
-1.876000000000000e-02 5.494721911633421e-01  9.999341286116992e-01
-1.876000000000000e-02 5.494808889561539e-01  9.999493141286657e-01
-1.876000000000000e-02 5.494875690320591e-01  9.999610003821886e-01
-1.876000000000000e-02 5.494927012336516e-01  9.999699929096152e-01
-1.876000000000000e-02 5.494966451301153e-01  9.999769122521858e-01
-1.876000000000000e-02 5.494996765515723e-01  9.999822362032214e-01
-1.876000000000000e-02 5.495020073996826e-01  9.999863325350582e-01
-1.876000000000000e-02 5.495037997283952e-01  9.999894842805039e-01
-1.876000000000000e-02 5.495051781349802e-01  9.999919092396524e-01
-1.876000000000000e-02 5.495062382585755e-01  9.999937750020421e-01
-1.876000000000000e-02 5.495070538163137e-01  9.999952105142844e-01
-1.876000000000000e-02 5.495076813167910e-01  9.999963149928489e-01
-1.876000000000000e-02 5.495081636320985e-01  9.999971647728539e-01
-1.876000000000000e-02 5.495085347187126e-01  9.999978185889178e-01
-1.876000000000000e-02 5.495088203412030e-01  9.999983216340150e-01
-1.876000000000000e-02 5.495090402218209e-01  9.999987086736918e-01


-1.876000000000000e-02 3.129591991517037e-01  8.499893991420751e-01
-1.876000000000000e-02 4.241515185233011e-01  8.878265604970993e-01
-1.876000000000000e-02 4.818025347272926e-01  9.123266504932281e-01
-1.876000000000000e-02 5.065769973582528e-01  9.290110090736202e-01
-1.876000000000000e-02 5.185903586818051e-01  9.420780842674479e-01
-1.876000000000000e-02 5.255857068939895e-01  9.528967379829963e-01
-1.876000000000000e-02 5.303832283162939e-01  9.619208397800642e-01
-1.876000000000000e-02 5.340361336729386e-01  9.693819636130587e-01
-1.876000000000000e-02 5.369587937717171e-01  9.754786115792211e-01
-1.876000000000000e-02 5.393411377500936e-01  9.804167991001755e-01
-1.876000000000000e-02 5.413009776650810e-01  9.844062080047392e-01
-1.876000000000000e-02 5.429001367259892e-01  9.875899880308691e-01
-1.876000000000000e-02 5.441980638633841e-01  9.901358365702525e-01
-1.876000000000000e-02 5.452609523438835e-01  9.921769352649714e-01
-1.876000000000000e-02 5.461126097927895e-01  9.937809080651593e-01
-1.876000000000000e-02 5.467890647434764e-01  9.950620470507857e-01
-1.876000000000000e-02 5.473336687846827e-01  9.960802341860990e-01
-1.876000000000000e-02 5.477711409910665e-01  9.968894484960645e-01
-1.876000000000000e-02 5.481216134735462e-01  9.975323359133679e-01
-1.876000000000000e-02 5.484020089610868e-01  9.980435986035413e-01
-1.876000000000000e-02 5.486270648698458e-01  9.984522580615971e-01
-1.876000000000000e-02 5.488091952797942e-01  9.987807443304262e-01
-1.876000000000000e-02 5.489574091694647e-01  9.990446211545425e-01
-1.876000000000000e-02 5.490775697460162e-01  9.992552289746647e-01
-1.876000000000000e-02 5.491738981294642e-01  9.994218358835056e-01
-1.876000000000000e-02 5.492500996150772e-01  9.995525545445147e-01
-1.876000000000000e-02 5.493096925945751e-01  9.996544543219573e-01
-1.876000000000000e-02 5.493559115507081e-01  9.997335214859965e-01
-1.876000000000000e-02 5.493915673904306e-01  9.997946803343896e-01
-1.876000000000000e-02 5.494189914165388e-01  9.998418909994683e-01
-1.876000000000000e-02 5.494400526170744e-01  9.998782879171589e-01
-1.876000000000000e-02 5.494562183342173e-01  9.999063257959037e-01
-1.876000000000000e-02 5.494686260653568e-01  9.999279139376381e-01
-1.876000000000000e-02 5.494781514316259e-01  9.999445311185955e-01
-1.876000000000000e-02 5.494854662919707e-01  9.999573196829197e-01
-1.876000000000000e-02 5.494910855482953e-01  9.999671606903104e-01
-1.876000000000000e-02 5.494954034777905e-01  9.999747330169784e-01
-1.876000000000000e-02 5.494987221537474e-01  9.999805594472044e-01
-1.876000000000000e-02 5.495012735324399e-01  9.999850424185331e-01
-1.876000000000000e-02 5.495032354722478e-01  9.999884916585581e-01
-1.876000000000000e-02 5.495047442053105e-01  9.999911455164636e-01
-1.876000000000000e-02 5.495059045907953e-01  9.999931873940210e-01
-1.876000000000000e-02 5.495067971726183e-01  9.999947584117604e-01
-1.876000000000000e-02 5.495074837683075e-01  9.999959671459846e-01
-1.876000000000000e-02 5.495080116960914e-01  9.999968971403235e-01
-1.876000000000000e-02 5.495084177832203e-01  9.999976126760721e-01
-1.876000000000000e-02 5.495087303384140e-01  9.999981632051570e-01
-1.876000000000000e-02 5.495089710024489e-01  9.999985867787731e-01


-1.876000000000000e-02 3.536992105886800e-01  8.499903469336506e-01
-1.876000000000000e-02 4.433868970458015e-01  8.842442569879350e-01
-1.876000000000000e-02 4.868134273520129e-01  9.065350185375491e-01
-1.876000000000000e-02 5.066784011202571e-01  9.229332254770988e-01
-1.876000000000000e-02 5.171917183360171e-01  9.364485456099468e-01
-1.876000000000000e-02 5.238391873853342e-01  9.479590042689187e-01
-1.876000000000000e-02 5.286811663173434e-01  9.577240319243693e-01
-1.876000000000000e-02 5.325094954840474e-01  9.658893961720904e-01
-1.876000000000000e-02 5.356447576415717e-01  9.726188140764790e-01
-1.876000000000000e-02 5.382438738013905e-01  9.781048725796591e-01
-1.876000000000000e-02 5.403883309711403e-01  9.825359958329946e-01
-1.876000000000000e-02 5.421486576328247e-01  9.860878301742022e-01
-1.876000000000000e-02 5.435852165923051e-01  9.889345114420701e-01
-1.876000000000000e-02 5.447567534493675e-01  9.912162766651854e-01
-1.876000000000000e-02 5.457095749147381e-01  9.930185253222427e-01
-1.876000000000000e-02 5.464686319065304e-01  9.944553602616405e-01
-1.876000000000000e-02 5.470752173191837e-01  9.955980366818300e-01
-1.876000000000000e-02 5.475635642719767e-01  9.965062454945270e-01
-1.876000000000000e-02 5.479553798518441e-01  9.972279178536509e-01
-1.876000000000000e-02 5.482689864873551e-01  9.978013238734511e-01
-1.876000000000000e-02 5.485201070268020e-01  9.982582517966294e-01
-1.876000000000000e-02 5.487224377017885e-01  9.986246756068553e-01
-1.876000000000000e-02 5.488867830477747e-01  9.989193845697794e-01
-1.876000000000000e-02 5.490204396007357e-01  9.991554974356027e-01
-1.876000000000000e-02 5.491282593126597e-01  9.993431253397805e-01
-1.876000000000000e-02 5.492141182594957e-01  9.994909193582953e-01
-1.876000000000000e-02 5.492816270495866e-01  9.996064771271357e-01
-1.876000000000000e-02 5.493341829991513e-01  9.996963317733708e-01
-1.876000000000000e-02 5.493748226088891e-01  9.997659328841946e-01
-1.876000000000000e-02 5.494061195816012e-01  9.998197091661575e-01
-1.876000000000000e-02 5.494301694293687e-01  9.998611913799273e-01
-1.876000000000000e-02 5.494486328214768e-01  9.998931578248496e-01
-1.876000000000000e-02 5.494628037222877e-01  9.999177760746054e-01
-1.876000000000000e-02 5.494736814087419e-01  9.999367280980098e-01
-1.876000000000000e-02 5.494820334624618e-01  9.999513147025882e-01
-1.876000000000000e-02 5.494884482138126e-01  9.999625398601669e-01
-1.876000000000000e-02 5.494933767084461e-01  9.999711774885629e-01
-1.876000000000000e-02 5.494971643096258e-01  9.999778237123328e-01
-1.876000000000000e-02 5.495000756590982e-01  9.999829374984126e-01
-1.876000000000000e-02 5.495023142668438e-01  9.999868721176051e-01
-1.876000000000000e-02 5.495040357057305e-01  9.999898994378799e-01
-1.876000000000000e-02 5.495053595865436e-01  9.999922286636881e-01
-1.876000000000000e-02 5.495063777545787e-01  9.999940207659175e-01
-1.876000000000000e-02 5.495071610720749e-01  9.999953996036485e-01
-1.876000000000000e-02 5.495077638531977e-01  9.999964604769415e-01
-1.876000000000000e-02 5.495082270925679e-01  9.999972767078591e-01
-1.876000000000000e-02 5.495085835865868e-01  9.999979047117722e-01
-1.876000000000000e-02 5.495088577601976e-01  9.999983878962679e-01


-1.876000000000000e-02 3.944397753121835e-01  8.499897353157480e-01
-1.876000000000000e-02 4.589731753423920e-01  8.786883669411880e-01
-1.876000000000000e-02 4.900110021392610e-01  8.986117354211481e-01
-1.876000000000000e-02 5.056225062114267e-01  9.146505048340933e-01
-1.876000000000000e-02 5.148466432136832e-01  9.286557824421452e-01
-1.876000000000000e-02 5.212614566064158e-01  9.410175819233989e-01
-1.876000000000000e-02 5.262510359961404e-01  9.517614924801283e-01
-1.876000000000000e-02 5.303562109213399e-01  9.608974811981377e-01
-1.876000000000000e-02 5.337960141724286e-01  9.685133281114123e-01
-1.876000000000000e-02 5.366790417907720e-01  9.747629341499101e-01
-1.876000000000000e-02 5.390815129928797e-01  9.798362340672419e-01
-1.876000000000000e-02 5.410753010686858e-01  9.839367928809847e-01
-1.876000000000000e-02 5.427113041478006e-01  9.872137799995305e-01
-1.876000000000000e-02 5.440435931924905e-01  9.898344055030086e-01
-1.876000000000000e-02 5.451344229637209e-01  9.919381996648583e-01
-1.876000000000000e-02 5.460114116734812e-01  9.935894704798648e-01
-1.876000000000000e-02 5.467082849099989e-01  9.949098803225526e-01
-1.876000000000000e-02 5.472686481621621e-01  9.959592879610975e-01
-1.876000000000000e-02 5.477189723176331e-01  9.967933408113382e-01
-1.876000000000000e-02 5.480798611765464e-01  9.974559854078773e-01
-1.876000000000000e-02 5.483685897994527e-01  9.979827837592761e-01
-1.876000000000000e-02 5.486001530297467e-01  9.984034952072892e-01
-1.876000000000000e-02 5.487873365457662e-01  9.987415134809554e-01
-1.876000000000000e-02 5.489396214923429e-01  9.990131738004614e-01
-1.876000000000000e-02 5.490632095101881e-01  9.992302287464395e-01
-1.876000000000000e-02 5.491624562156514e-01  9.994021372835146e-01
-1.876000000000000e-02 5.492410996359545e-01  9.995371493993040e-01
-1.876000000000000e-02 5.493026846836880e-01  9.996424741373029e-01
-1.876000000000000e-02 5.493504920390074e-01  9.997242409269662e-01
-1.876000000000000e-02 5.493873936287766e-01  9.997875094948362e-01
-1.876000000000000e-02 5.494157839413857e-01  9.998363593591447e-01
-1.876000000000000e-02 5.494375901577337e-01  9.998740251260289e-01
-1.876000000000000e-02 5.494543285029351e-01  9.999030428664024e-01
-1.876000000000000e-02 5.494671754641470e-01  9.999253866036102e-01
-1.876000000000000e-02 5.494770377167361e-01  9.999425859241277e-01
-1.876000000000000e-02 5.494846108667705e-01  9.999558227496932e-01
-1.876000000000000e-02 5.494904283143925e-01  9.999660088164894e-01
-1.876000000000000e-02 5.494948982503947e-01  9.999738467062049e-01
-1.876000000000000e-02 5.494983337874618e-01  9.999798774953722e-01
-1.876000000000000e-02 5.495009749626020e-01  9.999845177156285e-01
-1.876000000000000e-02 5.495030057126882e-01  9.999880879496902e-01
-1.876000000000000e-02 5.495045674475357e-01  9.999908349016140e-01
-1.876000000000000e-02 5.495057686927576e-01  9.999929484085710e-01
-1.876000000000000e-02 5.495066926844606e-01  9.999945745353271e-01
-1.876000000000000e-02 5.495074031501133e-01  9.999958256718197e-01
-1.876000000000000e-02 5.495079499214404e-01  9.999967882912661e-01
-1.876000000000000e-02 5.495083702542174e-01  9.999975289271210e-01
-1.876000000000000e-02 5.495086937630275e-01  9.999980987687116e-01


-1.876000000000000e-02 4.351804907171711e-01  8.499903026971850e-01
-1.876000000000000e-02 4.726121238683554e-01  8.712114624881736e-01
-1.876000000000000e-02 4.919997520114721e-01  8.880731284699661e-01
-1.876000000000000e-02 5.033791671466709e-01  9.032988706948126e-01
-1.876000000000000e-02 5.112566461045965e-01  9.176111540351124e-01
-1.876000000000000e-02 5.174508433670849e-01  9.308956854214031e-01
-1.876000000000000e-02 5.226591570802216e-01  9.428629554298481e-01
-1.876000000000000e-02 5.271444575342210e-01  9.533124495433226e-01
-1.876000000000000e-02 5.310107022828364e-01  9.621927568417523e-01
-1.876000000000000e-02 5.343140670481792e-01  9.695843785540215e-01
-1.876000000000000e-02 5.371013308726057e-01  9.756377348917451e-01
-1.876000000000000e-02 5.394270528990497e-01  9.805435024366528e-01
-1.876000000000000e-02 5.413605586097771e-01  9.845076413272775e-01
-1.876000000000000e-02 5.429448052211273e-01  9.876710038466470e-01
-1.876000000000000e-02 5.442327916845470e-01  9.902007785208011e-01
-1.876000000000000e-02 5.452886280872820e-01  9.922280278379130e-01
-1.876000000000000e-02 5.461344896608226e-01  9.938219410474641e-01
-1.876000000000000e-02 5.468064827837342e-01  9.950946565424366e-01
-1.876000000000000e-02 5.473476455939469e-01  9.961061527781946e-01
-1.876000000000000e-02 5.477823389962855e-01  9.969100432626460e-01
-1.876000000000000e-02 5.481305693184894e-01  9.975486977160514e-01
-1.876000000000000e-02 5.484091773123105e-01  9.980566366885657e-01
-1.876000000000000e-02 5.486328409190139e-01  9.984627177515185e-01
-1.876000000000000e-02 5.488138890287698e-01  9.987891589912864e-01
-1.876000000000000e-02 5.489612274616502e-01  9.990513626280725e-01
-1.876000000000000e-02 5.490806493905933e-01  9.992605844280739e-01
-1.876000000000000e-02 5.491763491341470e-01  9.994260528133040e-01
-1.876000000000000e-02 5.492520257192097e-01  9.995558506400726e-01
-1.876000000000000e-02 5.493111917492737e-01  9.996570166537687e-01
-1.876000000000000e-02 5.493570703836169e-01  9.997355059213389e-01
-1.876000000000000e-02 5.493924597527520e-01  9.997962134071364e-01
-1.876000000000000e-02 5.494196769808504e-01  9.998430735009486e-01
-1.876000000000000e-02 5.494405788606531e-01  9.998791991187959e-01
-1.876000000000000e-02 5.494566222885330e-01  9.999070275177970e-01
-1.876000000000000e-02 5.494689360618867e-01  9.999284541399263e-01
-1.876000000000000e-02 5.494783894332391e-01  9.999449468858199e-01
-1.876000000000000e-02 5.494856492036062e-01  9.999576396346510e-01
-1.876000000000000e-02 5.494912260738283e-01  9.999674068879176e-01
-1.876000000000000e-02 5.494955114020678e-01  9.999749224537960e-01
-1.876000000000000e-02 5.494988051515945e-01  9.999807052039192e-01
-1.876000000000000e-02 5.495013373544975e-01  9.999851545658821e-01
-1.876000000000000e-02 5.495032845346043e-01  9.999885779471893e-01
-1.876000000000000e-02 5.495047819348023e-01  9.999912119062234e-01
-1.876000000000000e-02 5.495059336130549e-01  9.999932384747293e-01
-1.876000000000000e-02 5.495068194916626e-01  9.999947977119376e-01
-1.876000000000000e-02 5.495075009478561e-01  9.999959973828436e-01
-1.876000000000000e-02 5.495080248689465e-01  9.999969204067360e-01
-1.876000000000000e-02 5.495084279343223e-01  9.999976305757157e-01


-1.876000000000000e-02 4.759213707957227e-01  8.499906477045253e-01
-1.876000000000000e-02 4.857734735344622e-01  8.615407150018559e-01
-1.876000000000000e-02 4.931175464179621e-01  8.737502193612224e-01
-1.876000000000000e-02 4.995256838508615e-01  8.869162110177392e-01
-1.876000000000000e-02 5.055642174436209e-01  9.007554974319543e-01
-1.876000000000000e-02 5.113363497498666e-01  9.146749733436661e-01
-1.876000000000000e-02 5.167729025121574e-01  9.280239827737758e-01
-1.876000000000000e-02 5.217682652948734e-01  9.402510633806566e-01
-1.876000000000000e-02 5.262509523321595e-01  9.510365180254903e-01
-1.876000000000000e-02 5.301936117999094e-01  9.602653675216573e-01
-1.876000000000000e-02 5.335980693056999e-01  9.679826654032589e-01
-1.876000000000000e-02 5.364908336342520e-01  9.743271267596526e-01
-1.876000000000000e-02 5.389174067018960e-01  9.794822001607683e-01
-1.876000000000000e-02 5.409361633792377e-01  9.836501758621848e-01
-1.876000000000000e-02 5.425958433308150e-01  9.869835596834710e-01
-1.876000000000000e-02 5.439492652125613e-01  9.896502650708672e-01
-1.876000000000000e-02 5.450568942613216e-01  9.917912777741142e-01
-1.876000000000000e-02 5.459493861092971e-01  9.934721249865723e-01
-1.876000000000000e-02 5.466589046946496e-01  9.948165752614746e-01
-1.876000000000000e-02 5.472288506735091e-01  9.958851271778418e-01
-1.876000000000000e-02 5.476870204802505e-01  9.967344072081952e-01
-1.876000000000000e-02 5.480542798915250e-01  9.974091688130305e-01
-1.876000000000000e-02 5.483481180887644e-01  9.979455124413324e-01
-1.876000000000000e-02 5.485836822313910e-01  9.983736312482022e-01
-1.876000000000000e-02 5.487739676058799e-01  9.987174868631382e-01
-1.876000000000000e-02 5.489287390029841e-01  9.989939014633658e-01
-1.876000000000000e-02 5.490544133681911e-01  9.992148928887046e-01
-1.876000000000000e-02 5.491554375616157e-01  9.993900428712693e-01
-1.876000000000000e-02 5.492355720625197e-01  9.995276844494307e-01
-1.876000000000000e-02 5.492983764353356e-01  9.996351098074588e-01
-1.876000000000000e-02 5.493471583339341e-01  9.997185341567011e-01
-1.876000000000000e-02 5.493848252373221e-01  9.997830990604447e-01
-1.876000000000000e-02 5.494138100227347e-01  9.998329566465171e-01
-1.876000000000000e-02 5.494360746865001e-01  9.998714027040030e-01
-1.876000000000000e-02 5.494531653698097e-01  9.999010231388346e-01
-1.876000000000000e-02 5.494662826519026e-01  9.999238316851845e-01
-1.876000000000000e-02 5.494763522371150e-01  9.999413891392486e-01
-1.876000000000000e-02 5.494840843853109e-01  9.999549017481110e-01
-1.876000000000000e-02 5.494900238574979e-01  9.999653001099101e-01
-1.876000000000000e-02 5.494945873654778e-01  9.999733013902673e-01
-1.876000000000000e-02 5.494980948514280e-01  9.999794579127383e-01
-1.876000000000000e-02 5.495007912619075e-01  9.999841948809519e-01
-1.876000000000000e-02 5.495028645565728e-01  9.999878395583712e-01
-1.876000000000000e-02 5.495044588642549e-01  9.999906437899151e-01
-1.876000000000000e-02 5.495056850946758e-01  9.999928013662641e-01
-1.876000000000000e-02 5.495066283806957e-01  9.999944614027255e-01
-1.876000000000000e-02 5.495073536828936e-01  9.999957386276083e-01
-1.876000000000000e-02 5.495079119206402e-01  9.999967213208991e-01


-1.876000000000000e-02 5.166594232122723e-01  8.499889203535160e-01
-1.876000000000000e-02 4.998196425412683e-01  8.491787249420781e-01
-1.876000000000000e-02 4.935269710929435e-01  8.535186064110777e-01
-1.876000000000000e-02 4.929340859972822e-01  8.613483731141494e-01
-1.876000000000000e-02 4.954542153216381e-01  8.717476888539915e-01
-1.876000000000000e-02 4.996900847372852e-01  8.840335688678959e-01
-1.876000000000000e-02 5.048020871107218e-01  8.975002485502931e-01
-1.876000000000000e-02 5.102296005245150e-01  9.113675633178758e-01
-1.876000000000000e-02 5.155896663284852e-01  9.248746130778529e-01
-1.876000000000000e-02 5.206381799463340e-01  9.374090748333956e-01
-1.876000000000000e-02 5.252263902611368e-01  9.485578398121879e-01
-1.876000000000000e-02 5.292886633190814e-01  9.581619584454135e-01
-1.876000000000000e-02 5.328161702150039e-01  9.662333125421586e-01
-1.876000000000000e-02 5.358278228165508e-01  9.728947987938116e-01
-1.876000000000000e-02 5.383682587892666e-01  9.783239225933228e-01
-1.876000000000000e-02 5.404811437540793e-01  9.827125001741503e-01
-1.876000000000000e-02 5.422210609497776e-01  9.862289692415238e-01
-1.876000000000000e-02 5.436429676273435e-01  9.890472831176698e-01
-1.876000000000000e-02 5.448040544800671e-01  9.913070225179627e-01
-1.876000000000000e-02 5.457472232868813e-01  9.930894740539342e-01
-1.876000000000000e-02 5.464984162387844e-01  9.945119427730252e-01
-1.876000000000000e-02 5.470992628322443e-01  9.956430061745399e-01
-1.876000000000000e-02 5.475828867562681e-01  9.965419860151067e-01
-1.876000000000000e-02 5.479708610511452e-01  9.972563106649777e-01
-1.876000000000000e-02 5.482813713468123e-01  9.978239014463778e-01
-1.876000000000000e-02 5.485300478649545e-01  9.982763024934349e-01
-1.876000000000000e-02 5.487304866608900e-01  9.986391918502059e-01
-1.876000000000000e-02 5.488933365349357e-01  9.989310463100949e-01
-1.876000000000000e-02 5.490257523845062e-01  9.991648026938055e-01
-1.876000000000000e-02 5.491325163785128e-01  9.993504836495168e-01
-1.876000000000000e-02 5.492174837787644e-01  9.994966904764901e-01
-1.876000000000000e-02 5.492842577482110e-01  9.996109745668679e-01
-1.876000000000000e-02 5.493362224701782e-01  9.996998207170567e-01
-1.876000000000000e-02 5.493763955504833e-01  9.997686312015379e-01
-1.876000000000000e-02 5.494073292331267e-01  9.998217918928490e-01
-1.876000000000000e-02 5.494310985054236e-01  9.998627969525202e-01
-1.876000000000000e-02 5.494493457594092e-01  9.998943946093353e-01
-1.876000000000000e-02 5.494633508672171e-01  9.999187283322100e-01
-1.876000000000000e-02 5.494741014652353e-01  9.999374610758358e-01
-1.876000000000000e-02 5.494823560345825e-01  9.999518787965918e-01
-1.876000000000000e-02 5.494886960322286e-01  9.999629739367411e-01
-1.876000000000000e-02 5.494935671422505e-01  9.999715114952442e-01
-1.876000000000000e-02 5.494973106826215e-01  9.999780807086626e-01
-1.876000000000000e-02 5.495001881957676e-01  9.999831352372712e-01
-1.876000000000000e-02 5.495024008008862e-01  9.999870242590652e-01
-1.876000000000000e-02 5.495041022617732e-01  9.999900164960777e-01
-1.876000000000000e-02 5.495054107415924e-01  9.999923187267877e-01
-1.876000000000000e-02 5.495064171336500e-01  9.999940900605184e-01


