3.333280943458325e-01  4.833263616057059e-01
3.487606489152900e-01  4.998861077406777e-01
3.587450494703060e-01  5.056250963882365e-01
3.666020609383279e-01  5.057290763584619e-01
3.740108010149324e-01  5.028267316790240e-01
3.816909532719642e-01  4.983348811380396e-01
3.897907416710295e-01  4.930770006956597e-01
3.981463666085381e-01  4.876259926814078e-01
4.063521903063818e-01  4.823444263326214e-01
4.140211904940151e-01  4.774548065334618e-01
4.208522865648118e-01  4.730664991566477e-01
4.266882590060690e-01  4.692146125616223e-01
4.314837532049525e-01  4.658662529099473e-01
4.354501122563968e-01  4.630803410250579e-01
4.386281838504469e-01  4.607354024099719e-01
4.411548773598757e-01  4.587974627394443e-01
4.431330649462525e-01  4.571916189284640e-01
4.446992128599052e-01  4.558848951612510e-01

4.249937063542032e-01  4.833295562323121e-01
4.267504866681904e-01  4.739925042449479e-01
4.303680989746450e-01  4.685132583405545e-01
4.340933879136997e-01  4.647637114557697e-01
4.373675241288906e-01  4.619418644002599e-01
4.400939453336613e-01  4.597262011958021e-01
4.422829216116289e-01  4.579219153262644e-01
4.440264113996718e-01  4.564758485007354e-01
4.453811645180808e-01  4.552814295613329e-01
4.464642093508664e-01  4.543170992471602e-01
4.473018276205343e-01  4.535466370104350e-01
4.479866743723188e-01  4.529457708694863e-01
4.485222149441660e-01  4.524591438206029e-01
4.489321811645133e-01  4.520567943469705e-01
4.492738912658648e-01  4.517527325246369e-01
4.495210873202243e-01  4.514867262813048e-01
4.497258986765574e-01  4.512810752376213e-01
4.498915254987716e-01  4.511169679349079e-01

5.166491388787298e-01  4.833198495926987e-01
4.803249397232837e-01  4.551253681539532e-01
4.662371487378604e-01  4.465671697688989e-01
4.602010835149285e-01  4.446648798191386e-01
4.572663771724605e-01  4.449382678092487e-01
4.555508908733619e-01  4.457611894046859e-01
4.543913466468391e-01  4.466287927143666e-01
4.535585331549941e-01  4.473874732065427e-01
4.529326742984900e-01  4.480325722672701e-01
4.524420302736386e-01  4.485517849283693e-01
4.520537070007284e-01  4.489665773459003e-01
4.517218014004650e-01  4.492715250748850e-01
4.514720916058189e-01  4.495292658537496e-01
4.512720513799064e-01  4.497349722041728e-01
4.511158955626008e-01  4.499052325315935e-01
4.509862934505780e-01  4.500377948903789e-01
4.508831711881600e-01  4.501437248850399e-01
4.507780913314772e-01  4.502039580216442e-01

4.250066990338987e-01  5.750111892529493e-01
4.033805850214311e-01  5.298451268034063e-01
3.979501447520371e-01  5.064625032816806e-01
4.005569765778624e-01  4.935157614907166e-01
4.064426276962746e-01  4.851744734405669e-01
4.132883932082106e-01  4.790447862488360e-01
4.198531007180680e-01  4.740711212873626e-01
4.257520107043821e-01  4.699714493022808e-01
4.307076037517029e-01  4.664924929346938e-01
4.347921574900600e-01  4.635775088248490e-01
4.381062349349629e-01  4.611456837931973e-01
4.407159669800438e-01  4.591166762474655e-01
4.428061435756351e-01  4.574641373983114e-01
4.444548770526084e-01  4.561187161777562e-01
4.457375146761260e-01  4.550045487006045e-01
4.467292964642491e-01  4.540870631018535e-01
4.475323342617349e-01  4.533790194848717e-01
4.481619609514992e-01  4.528045407562522e-01

5.166618624674695e-01  5.749979326603016e-01
4.637792346186877e-01  5.067101701834442e-01
4.456758172329369e-01  4.787828422114109e-01
4.412026935931058e-01  4.673102136691070e-01
4.411705939883391e-01  4.619150984144218e-01
4.424088973830950e-01  4.589134509073133e-01
4.438755810471952e-01  4.570086772839253e-01
4.451830971745019e-01  4.556251346148346e-01
4.462700877363375e-01  4.545540969016327e-01
4.471466873151530e-01  4.537354703130113e-01
4.478488324453811e-01  4.530820122250220e-01
4.484044112452386e-01  4.525599348962326e-01
4.488571320539116e-01  4.521551563298226e-01
4.492020976663642e-01  4.518187439830336e-01
4.494619449699356e-01  4.515386686871530e-01
4.496868089012142e-01  4.513309006385834e-01
4.498622013607071e-01  4.511590481157017e-01
4.499847539595586e-01  4.510024944270429e-01

5.166574747252263e-01  6.666434503715559e-01
4.534921207015084e-01  5.720377377718521e-01
4.241990480305361e-01  5.187322389082818e-01
4.166745938006816e-01  4.939950130958957e-01
4.181467648480021e-01  4.816973903217526e-01
4.225225465323542e-01  4.745235514633852e-01
4.274289898377538e-01  4.696783560001651e-01
4.318896505513444e-01  4.659990899110562e-01
4.356946739072109e-01  4.630880637520932e-01
4.387822620416933e-01  4.606948027189948e-01
4.412490705409147e-01  4.587338441675647e-01
4.431840518871091e-01  4.571181784042992e-01
4.447487170660689e-01  4.558353662525471e-01
4.459762248945574e-01  4.547786516926574e-01
4.469162591047549e-01  4.539135933816528e-01
4.476747322861057e-01  4.532329357803347e-01
4.482668089710533e-01  4.526805544228675e-01
4.487341179115535e-01  4.522373864162795e-01

5.166631402360987e-01  7.583240563092050e-01
4.630101344717835e-01  6.909291668125337e-01
4.225541616014426e-01  6.220585703328594e-01
3.948370927252059e-01  5.694457643544015e-01
3.807143443183630e-01  5.379588597730633e-01
3.765831371067965e-01  5.201811519038293e-01
3.783248764463130e-01  5.091375331522385e-01
3.834319922564580e-01  5.010594440018740e-01
3.904141291961060e-01  4.942843391091092e-01
3.982612120158348e-01  4.881860878876663e-01
4.062815096427184e-01  4.826448224949286e-01
4.138770307078772e-01  4.776343264463030e-01
4.206926283871267e-01  4.731892612381509e-01
4.265572945830232e-01  4.693221954457661e-01
4.314123523273052e-01  4.659806534151249e-01
4.353697205565361e-01  4.631555067097557e-01
4.385446792731924e-01  4.607793868828709e-01
4.410892789963795e-01  4.588360053243386e-01

