3.333287283689383e-01  5.749829254387844e-01
3.204290445585500e-01  5.762824051990988e-01
3.059587375737320e-01  5.847752621388587e-01
2.887176630615518e-01  5.995606850114497e-01
2.697032501499022e-01  6.181992783756250e-01
2.529915406458733e-01  6.367182984862043e-01
2.432420192941595e-01  6.525452206389650e-01
2.423576246635436e-01  6.661272663360257e-01
2.503951435017149e-01  6.793561696812843e-01
2.674985191754952e-01  6.941537870636083e-01
2.941542669242006e-01  7.115972199433951e-01
3.289451671314429e-01  7.304359912787608e-01
3.655807486967974e-01  7.464296647705764e-01
3.951716618232626e-01  7.551977420170821e-01
4.132898096446775e-01  7.550835601137451e-01
4.205946096232951e-01  7.461408625788424e-01
4.192044029418591e-01  7.283011975581621e-01
4.106856712420242e-01  7.015066746256711e-01

2.416523163499164e-01  6.666212135624966e-01
2.500186414885168e-01  6.797655782333185e-01
2.674735869303814e-01  6.945400205043948e-01
2.944012924434352e-01  7.120259145763730e-01
3.294416265393908e-01  7.309241884620468e-01
3.661824686525741e-01  7.469419347223890e-01
3.957764977672305e-01  7.557023931329432e-01
4.138075504105626e-01  7.555688245680318e-01
4.210610285452803e-01  7.465459598770748e-01
4.195889857939183e-01  7.286556957480141e-01
4.109917863719684e-01  7.018241306962009e-01
3.967857536278047e-01  6.680131415140120e-01
3.794270197897047e-01  6.331192534347458e-01
3.619677755896558e-01  6.047675578322356e-01
3.464654216832380e-01  5.869928606029983e-01
3.327479751312232e-01  5.794980296229212e-01
3.191844190349119e-01  5.807052055669460e-01
3.040953525228318e-01  5.893941446267932e-01

4.250021111541242e-01  6.666815041874250e-01
3.973182551106931e-01  6.144758452687162e-01
3.762101149819281e-01  5.757056011064652e-01
3.631449120293428e-01  5.523376664987318e-01
3.561708504703194e-01  5.395667034933291e-01
3.529034379813077e-01  5.327055187394737e-01
3.516868387115719e-01  5.288221865101446e-01
3.516673719567850e-01  5.263311198194256e-01
3.524867919942574e-01  5.243606135578619e-01
3.539812867998007e-01  5.224316187078905e-01
3.561503931328552e-01  5.202325996043425e-01
3.590514171986802e-01  5.175763204892040e-01
3.628160369947574e-01  5.143016749481926e-01
3.675325236150981e-01  5.103215526639524e-01
3.732845767233208e-01  5.056522797917241e-01
3.801103514680532e-01  5.004397717564909e-01
3.877819162171832e-01  4.948832527160855e-01
3.959386106985704e-01  4.892472005529726e-01

3.333396244993894e-01  7.583400509843297e-01
3.858554634318731e-01  7.816453544915543e-01
4.237105133446267e-01  7.968580621883141e-01
4.455129539860336e-01  8.047632454399094e-01
4.567023676714066e-01  8.079520978137201e-01
4.619099062775401e-01  8.083266507778941e-01
4.638203732484795e-01  8.067633587209077e-01
4.637352008558557e-01  8.035103210007071e-01
4.622336153089339e-01  7.983930206489337e-01
4.593416733688144e-01  7.909391947203093e-01
4.548293751274623e-01  7.802294799593279e-01
4.482231986331684e-01  7.648723884669384e-01
4.386215698580058e-01  7.430317325653282e-01
4.251668593359857e-01  7.129130358043841e-01
4.076456693107913e-01  6.750250734849246e-01
3.877854055227390e-01  6.350150902311251e-01
3.686998449061619e-01  6.017626062787385e-01
3.527995595871519e-01  5.801116922042809e-01

4.249955595461639e-01  7.583267998225448e-01
4.267939214038970e-01  7.451149005554624e-01
4.212923100656101e-01  7.232228270868427e-01
4.096187229316995e-01  6.926080964310737e-01
3.932473806067826e-01  6.563058563684604e-01
3.748939095265819e-01  6.216617435759048e-01
3.577075613122095e-01  5.958341735084461e-01
3.430354663442263e-01  5.810593926939571e-01
3.298911514243792e-01  5.761028014205599e-01
3.165176401793563e-01  5.793063088270937e-01
3.011848843295201e-01  5.895828324748921e-01
2.832612381557158e-01  6.057098589298784e-01
2.646237419375989e-01  6.245798680589425e-01
2.498934665687204e-01  6.423175920465521e-01
2.430625556200589e-01  6.573120842906454e-01
2.451788531315540e-01  6.706565417823196e-01
2.562744804891740e-01  6.843190974838289e-01
2.766770976492748e-01  7.000653114633493e-01

