1.500017990311245e-01  4.833305412492641e-01
1.163469215529738e-01  5.522075685943102e-01
8.679894650692557e-02  5.735493932340370e-01
6.841682754503967e-02  5.769872915102595e-01
5.516945830858495e-02  5.746142506868098e-01
4.465338533001505e-02  5.706861629899902e-01
3.604783353337022e-02  5.667526281606582e-01
2.898475723889789e-02  5.633229032871473e-01
2.321317499197824e-02  5.604724184359420e-01
1.854752608550671e-02  5.581683217150178e-01
1.477839741074346e-02  5.563438696611860e-01
1.176625506992317e-02  5.549007281017668e-01
9.352771294518244e-03  5.537693853426000e-01
7.426271378194076e-03  5.528671685406691e-01
5.902827872847410e-03  5.521513418472961e-01
4.687746314656103e-03  5.515910073222221e-01
3.721461605602626e-03  5.511504093757310e-01
2.953300244224834e-03  5.508090887112634e-01

2.416655858926920e-01  4.833257321361523e-01
2.299971654245015e-01  5.461503516173596e-01
1.972128202050923e-01  5.888709668167983e-01
1.659260433525827e-01  6.095888477717799e-01
1.441136019122820e-01  6.156028380111841e-01
1.274075435265550e-01  6.140143456367538e-01
1.124785695233710e-01  6.086448606521874e-01
9.809638154557791e-02  6.014981198134471e-01
8.413861482695315e-02  5.938202042688443e-01
7.095641602000706e-02  5.863878172730576e-01
5.895719858123614e-02  5.796426084637070e-01
4.838076478978980e-02  5.737745566863567e-01
3.931759054294667e-02  5.688899228434570e-01
3.172907922842644e-02  5.648732996100154e-01
2.547578358715167e-02  5.616735329267305e-01
2.038622433601033e-02  5.591219411997376e-01
1.626177595941953e-02  5.570719582804341e-01
1.295572867851556e-02  5.554659324428857e-01

1.499978670462345e-01  5.749942708116005e-01
1.186065076015636e-01  5.916631079447088e-01
9.760669242298807e-02  5.933443806239416e-01
8.146107745299720e-02  5.892893660522751e-01
6.777244726420664e-02  5.834430172190735e-01
5.588920365792120e-02  5.774766454381740e-01
4.564671075335801e-02  5.721232017767774e-01
3.698687327161896e-02  5.675933244935376e-01
2.978582991366795e-02  5.638617491571626e-01
2.388148886308135e-02  5.608496963549406e-01
1.909013711434160e-02  5.584551416066889e-01
1.521123632445346e-02  5.565595425754453e-01
1.211276912343880e-02  5.550565142652555e-01
9.631160562038776e-03  5.538900725039290e-01
7.643260986573179e-03  5.529758955063419e-01
6.077873245039028e-03  5.522310015643241e-01
4.826919248138901e-03  5.516466480866659e-01
3.832196933674029e-03  5.512107687545896e-01

2.416616628440623e-01  5.749966439203188e-01
2.114049934601119e-01  6.063472639052688e-01
1.862162970159642e-01  6.235969664815383e-01
1.693841115261228e-01  6.304937759541285e-01
1.571122150902633e-01  6.312695293212872e-01
1.462054527695030e-01  6.284987753962096e-01
1.350309660968529e-01  6.234415064311636e-01
1.228787237811916e-01  6.168271863940373e-01
1.097266954950421e-01  6.092167115079538e-01
9.602696146703411e-02  6.011403562288574e-01
8.236399211732055e-02  5.931066381742296e-01
6.938173229813169e-02  5.856000175964435e-01
5.756931070348158e-02  5.788937756679545e-01
4.717488109210370e-02  5.731358536942257e-01
3.829488127427999e-02  5.683389426298894e-01
3.087375277131850e-02  5.644303662760781e-01
2.477551853055791e-02  5.613073403222270e-01
1.981514115416518e-02  5.588286177437124e-01

1.499959759796082e-01  6.666357987399095e-01
1.589615503689214e-01  6.552123756648908e-01
1.610017682663537e-01  6.481483062566752e-01
1.588613043730775e-01  6.428218387988240e-01
1.539074937223840e-01  6.378805395376456e-01
1.466813236426698e-01  6.325921112060636e-01
1.374156650610468e-01  6.265100506606787e-01
1.263031624599723e-01  6.195663382146105e-01
1.137251214542979e-01  6.118876818214589e-01
1.002436745463838e-01  6.037810548762155e-01
8.656477319165885e-02  5.956285658840896e-01
7.332838588692200e-02  5.878938408371297e-01
6.111125786156517e-02  5.808942939220257e-01
5.025980982953396e-02  5.748291760110805e-01
4.091755376781940e-02  5.697566881854196e-01
3.306502068364604e-02  5.655999427186864e-01
2.657424869513435e-02  5.622325441508383e-01
2.127719780431171e-02  5.595481112708801e-01

