3.333400769952420e-01  6.666870482442784e-01
3.333207590453672e-01  6.667070691752786e-01
3.333529910297447e-01  6.667305635102559e-01
3.333944740994166e-01  6.667252270375930e-01
3.333835706511395e-01  6.666932337544238e-01
3.333580583602063e-01  6.666686523299840e-01
3.333553336567112e-01  6.666497754745061e-01
3.333487568553357e-01  6.666452879252627e-01
3.333488791683832e-01  6.666775834973160e-01
3.333634198122167e-01  6.666775268360403e-01
3.333396504048146e-01  6.666736687528390e-01
3.333073479524771e-01  6.666919311059692e-01
3.333317062899270e-01  6.667213374444242e-01
3.333616757529656e-01  6.667265787482062e-01
3.333591312409375e-01  6.667178014226416e-01
3.334000466275996e-01  6.667006931505317e-01
3.333982958827166e-01  6.666639072571708e-01
3.333652931468763e-01  6.666795484712851e-01

