1.499946989165231e-01  7.583077490186140e-01
2.160918172646337e-01  7.539071899492370e-01
2.927194721601749e-01  7.774038080419721e-01
3.739948161032435e-01  8.121344545456813e-01
4.347493706345394e-01  8.396771518117292e-01
4.684490172194103e-01  8.589916138814975e-01
4.865731084934867e-01  8.746648656532822e-01
4.976198726235850e-01  8.893242083675441e-01
5.055987500586152e-01  9.037053443589851e-01
5.121142642178310e-01  9.177303186567269e-01
5.177718863833051e-01  9.309180276532837e-01
5.227787225192733e-01  9.428444714793859e-01
5.271764300999676e-01  9.532913871395572e-01
5.310228495280058e-01  9.621616506240176e-01
5.343248005552328e-01  9.695523467637717e-01
5.371028906529955e-01  9.756066644863829e-01
5.394137164991613e-01  9.805182659129603e-01
5.413563862780157e-01  9.844872532550694e-01

2.416575136076435e-01  7.583053120902733e-01
3.209027195084788e-01  7.881552272994049e-01
3.973981520213558e-01  8.213789959894202e-01
4.479214125345471e-01  8.455121518804326e-01
4.749756348894181e-01  8.629851932292915e-01
4.900532056940792e-01  8.779868998527328e-01
4.997905231435396e-01  8.924535444852997e-01
5.071943178013547e-01  9.067483586950793e-01
5.134204390953014e-01  9.206214615568572e-01
5.188949064008572e-01  9.335636290838289e-01
5.237768854518025e-01  9.451907176974610e-01
5.280444676657093e-01  9.552986219258179e-01
5.317487400420039e-01  9.638446552814131e-01
5.349358219185933e-01  9.709280502837262e-01
5.376240567845741e-01  9.767340657781450e-01
5.398670306300515e-01  9.814254023976720e-01
5.417106689483698e-01  9.852103795802145e-01
5.432058088127236e-01  9.882339856393481e-01

1.500027400939166e-01  8.500005906223445e-01
2.497549201281551e-01  8.544982303738963e-01
3.829914951048516e-01  8.915944325328006e-01
4.689649268688521e-01  9.196585551854872e-01
5.044212793911930e-01  9.368927774199972e-01
5.197249553001658e-01  9.493074116532703e-01
5.275842005345934e-01  9.591512385581760e-01
5.324525067430952e-01  9.671578514067924e-01
5.359184580120282e-01  9.736750147665203e-01
5.385885957783213e-01  9.789597263162239e-01
5.406897518557678e-01  9.832305332887041e-01
5.423983569584782e-01  9.866469669430246e-01
5.437855807141044e-01  9.893826944974369e-01
5.449229495408240e-01  9.915773920303816e-01
5.458579696130768e-01  9.933013967364892e-01
5.465962056883014e-01  9.946800151202189e-01
5.471569688667132e-01  9.957764733084619e-01
5.476384819258863e-01  9.966480654543657e-01

2.416656702648772e-01  8.499936050742702e-01
3.741583878966206e-01  8.867244897506491e-01
4.642396157606766e-01  9.161395417234792e-01
5.020812286655661e-01  9.341720762660622e-01
5.183458374544704e-01  9.470854762486249e-01
5.266349086844019e-01  9.573010182567981e-01
5.316977434159336e-01  9.656313477252589e-01
5.353140087491545e-01  9.724295993860876e-01
5.380943067207664e-01  9.779568526254472e-01
5.403001961846382e-01  9.824189637246098e-01
5.420876879010025e-01  9.859956529387371e-01
5.435265490630279e-01  9.888616715043370e-01
5.447221652653426e-01  9.911576853222034e-01
5.456946837139182e-01  9.929725803009998e-01
5.464534430443941e-01  9.944185982018346e-01
5.470606677372623e-01  9.955659635101604e-01
5.475655400630083e-01  9.964796973548923e-01
5.479441683893761e-01  9.972067885135645e-01

3.333299031303635e-01  8.499922654736489e-01
4.343504080974488e-01  8.862805492991773e-01
4.845928878762677e-01  9.096655542685687e-01
5.067987331350972e-01  9.261762847367142e-01
5.180209687318804e-01  9.394401391838292e-01
5.247964479841719e-01  9.505863528818309e-01
5.296012803748242e-01  9.599496850086945e-01
5.333175241740097e-01  9.677379957505939e-01
5.363475928067829e-01  9.741289725224980e-01
5.388236563072208e-01  9.793204458375713e-01
5.408882933702177e-01  9.835139901244738e-01
5.425501392281525e-01  9.868743388026097e-01
5.439020086227383e-01  9.895630229512929e-01
5.450131155658076e-01  9.917216110040634e-01
5.459075402545885e-01  9.934165386190584e-01
5.466252581687988e-01  9.947726037124448e-01
5.472081863100773e-01  9.958495695696908e-01
5.476693578357535e-01  9.967061396419933e-01

4.249933213136699e-01  8.499858966520351e-01
4.692812208158292e-01  8.732747486554043e-01
4.915702291010692e-01  8.910268597877843e-01
5.040710119767970e-01  9.064839957255449e-01
5.123144206050529e-01  9.207628439678635e-01
5.185724170797787e-01  9.338032425289076e-01
5.236875180705731e-01  9.454464267166741e-01
5.280710047499618e-01  9.555294569467450e-01
5.318084578778766e-01  9.640401863864910e-01
5.349970068925192e-01  9.710887049340380e-01
5.377056911170558e-01  9.768595758797500e-01
5.399240008242948e-01  9.815273247553029e-01
5.417607479283524e-01  9.852899934832439e-01
5.432670890290160e-01  9.882965634649198e-01
5.444834569037552e-01  9.907034449949845e-01
5.454907935257658e-01  9.926202098734257e-01
5.462910797631932e-01  9.941369996489510e-01
5.469397725246401e-01  9.953449048254744e-01

5.166576867562186e-01  8.499988169095312e-01
4.998260112115156e-01  8.491763705431664e-01
4.935341419754748e-01  8.535236730113840e-01
4.929343487277449e-01  8.613651652533285e-01
4.954558366186773e-01  8.717789589635252e-01
4.996947533710686e-01  8.840700612131852e-01
5.048173985542949e-01  8.975236015739838e-01
5.102515702195353e-01  9.113907471279263e-01
5.156034935124946e-01  9.248939683243389e-01
5.206519793943237e-01  9.374170609152891e-01
5.252303328456566e-01  9.485675831678385e-01
5.292818377216402e-01  9.581713392131650e-01
5.328145169682864e-01  9.662414858323363e-01
5.358280274371938e-01  9.728974746736386e-01
5.383717640970647e-01  9.783234885909962e-01
5.404819522300293e-01  9.827127075535439e-01
5.422247640547454e-01  9.862291433461460e-01
5.436379027107557e-01  9.890478728926637e-01

