2.643545462127178e-01  6.475427646105891e-01
2.619103751562991e-01  6.650271336487069e-01
2.709248590680715e-01  6.821581872631887e-01
2.914635293775350e-01  7.001230769792131e-01
3.216877987180655e-01  7.181980032314432e-01
3.554032351803211e-01  7.324513524318035e-01
3.832496747531132e-01  7.381281024787383e-01
3.993788034787089e-01  7.328483830372821e-01
4.034494230109582e-01  7.163508179107410e-01
3.974658123432622e-01  6.898370995140036e-01
3.841614862696195e-01  6.574910544121736e-01
3.669707627074000e-01  6.271266453639053e-01
3.491483094996884e-01  6.059363661786979e-01
3.320337147230327e-01  5.965202683253756e-01
3.149408155827323e-01  5.981874992081524e-01
2.969635798544473e-01  6.090648785974709e-01
2.791860067550316e-01  6.259448040179770e-01
2.658005581469097e-01  6.444998210811912e-01
2.615396531589853e-01  6.621596214233296e-01
2.685979874891027e-01  6.792501285038814e-01
2.872555945408168e-01  6.970452618765267e-01
3.161439778497363e-01  7.152947716114734e-01
3.499145739915627e-01  7.305525632148731e-01
3.793222062972087e-01  7.379110350456943e-01
3.975541671831770e-01  7.345248770454597e-01
4.035334018801379e-01  7.198714567573966e-01
3.990624859959480e-01  6.948537164054135e-01
3.867621991325805e-01  6.630125317521807e-01
