2.628727332329641e-01  6.822642927816603e-01
2.827935089264499e-01  6.992654408665765e-01
3.126109354496990e-01  7.177459968775620e-01
3.479588582659249e-01  7.346544029490699e-01
3.800313238107126e-01  7.450767966980777e-01
4.015835954871359e-01  7.459346475032490e-01
4.111842803226193e-01  7.365305990589606e-01
4.104833916554798e-01  7.169527536748681e-01
4.015111490966937e-01  6.881559854465938e-01
3.866220995145819e-01  6.541219619851341e-01
3.689853602165633e-01  6.224953584784436e-01
3.516535581085576e-01  6.000822284587055e-01
3.357389432734403e-01  5.890035952372376e-01
3.202724129432026e-01  5.883236454884669e-01
3.036910891461886e-01  5.965374686658647e-01
2.854936495220395e-01  6.116697757711813e-01
2.679393923666980e-01  6.301398550263732e-01
2.558683072865249e-01  6.480494480209084e-01
2.530596603342559e-01  6.641573013957416e-01
2.606609121628739e-01  6.796917277239910e-01
2.788746870266214e-01  6.963996489238411e-01
3.072589491510124e-01  7.147571958544444e-01
3.422359938459463e-01  7.322486306764799e-01
3.754608332493534e-01  7.440013913056807e-01
3.989435493616556e-01  7.464874857862869e-01
4.103886463871787e-01  7.387367890044054e-01
4.112075304610038e-01  7.207736548595081e-01
4.034257503512511e-01  6.933010821038564e-01
