6.298607758845679e-03 4.999999999998520e-02  4.999999999998520e-02
2.038939491591919e+01 5.100956186281958e-02  5.100956186281958e-02
4.077230132811037e+01 5.207658814183708e-02  5.207658814183708e-02
6.115520280215309e+01 5.320004501228954e-02  5.320004501228954e-02
8.153818585798405e+01 5.439026112059855e-02  5.439026112059855e-02
1.019211368424700e+02 5.566752121490479e-02  5.566752121490479e-02
1.223041532265423e+02 5.702955352177021e-02  5.702955352177021e-02
1.426871832975538e+02 5.849231822485008e-02  5.849231822485008e-02
1.630701898902279e+02 6.006543276826477e-02  6.006543276826477e-02
1.834530146168127e+02 6.175905529600104e-02  6.175905529600104e-02
2.038359007359014e+02 6.358505190311832e-02  6.358505190311832e-02
2.242187692319237e+02 6.557249976065263e-02  6.557249976065263e-02
2.446016803275922e+02 6.774582573960926e-02  6.774582573960926e-02
2.649845445380191e+02 7.013306128159477e-02  7.013306128159477e-02
2.853673322832242e+02 7.275911945480201e-02  7.275911945480201e-02
3.057501105999366e+02 7.568656573095546e-02  7.568656573095546e-02
3.261329095220507e+02 7.897219769676320e-02  7.897219769676320e-02
3.465156073353125e+02 8.268515484390762e-02  8.268515484390762e-02
3.668982911197608e+02 8.694087530763071e-02  8.694087530763071e-02
3.872808974572330e+02 9.186713067797479e-02  9.186713067797479e-02
4.076634670954384e+02 9.765738502683480e-02  9.765738502683480e-02
4.280459952233553e+02 1.045911103502679e-01  1.045911103502679e-01
4.484284256729500e+02 1.131129242291105e-01  1.131129242291105e-01
4.688106725509310e+02 1.239184436535550e-01  1.239184436535550e-01
4.891927702898760e+02 1.381348884169530e-01  1.381348884169530e-01
5.095745321624373e+02 1.577129538946911e-01  1.577129538946911e-01
5.299556571403443e+02 1.862410465706797e-01  1.862410465706797e-01
5.503361749528270e+02 2.300894562535258e-01  2.300894562535258e-01
5.707300979199272e+02 2.962521033049310e-01  2.962521033049310e-01
5.912947837887072e+02 3.699834931433704e-01  3.699834931433704e-01
6.125522601204517e+02 4.143464423085166e-01  4.143464423085166e-01
6.345353687981269e+02 4.308099111886597e-01  4.308099111886597e-01
6.568327546541223e+02 4.361151971507333e-01  4.361151971507333e-01
6.792348953523152e+02 4.377454301155937e-01  4.377454301155937e-01
7.016695115090876e+02 4.382727874004408e-01  4.382727874004408e-01
7.241146486020945e+02 4.384364905603297e-01  4.384364905603297e-01
7.465631299466571e+02 4.384830029034139e-01  4.384830029034139e-01
7.690126399744519e+02 4.384983840080454e-01  4.384983840080454e-01
7.914622753385593e+02 4.385064009141968e-01  4.385064009141968e-01
8.139120731752174e+02 4.385089211716581e-01  4.385089211716581e-01
8.363619164453205e+02 4.385098091591440e-01  4.385098091591440e-01
8.588117755746387e+02 4.385101252645972e-01  4.385101252645972e-01
8.812616403523950e+02 4.385102379847045e-01  4.385102379847045e-01
9.037115071364231e+02 4.385102783821516e-01  4.385102783821516e-01
9.261613746364410e+02 4.385102928069714e-01  4.385102928069714e-01
9.486112423995445e+02 4.385102979491531e-01  4.385102979491531e-01
9.710611102480816e+02 4.385102999287313e-01  4.385102999287313e-01
9.935109781297062e+02 4.385103006120190e-01  4.385103006120190e-01

6.298607758384629e-03 1.499999850033948e-01  1.499999850033948e-01
2.038767305232590e+01 1.748045030517884e-01  1.748045030517884e-01
4.076818572448925e+01 2.122833213744796e-01  2.122833213744796e-01
6.115259142389738e+01 2.703487746110727e-01  2.703487746110727e-01
8.161479575729497e+01 3.456973535270115e-01  3.456973535270115e-01
1.025705187875677e+02 4.028090902192865e-01  4.028090902192865e-01
1.243458510001001e+02 4.269232528091315e-01  4.269232528091315e-01
1.465669034031701e+02 4.348759457480288e-01  4.348759457480288e-01
1.689445042800623e+02 4.373581174424479e-01  4.373581174424479e-01
1.913715712652830e+02 4.381493832900377e-01  4.381493832900377e-01
2.138143268094109e+02 4.383973687945577e-01  4.383973687945577e-01
2.362619579972420e+02 4.384741021764390e-01  4.384741021764390e-01
2.587111654011499e+02 4.384993537429097e-01  4.384993537429097e-01
2.811608234472053e+02 4.385066566117392e-01  4.385066566117392e-01
3.036106259353655e+02 4.385090104108275e-01  4.385090104108275e-01
3.260604708025007e+02 4.385098408595446e-01  4.385098408595446e-01
3.485103304975020e+02 4.385101367804928e-01  4.385101367804928e-01
3.709601954662585e+02 4.385102422703357e-01  4.385102422703357e-01
3.934100623321692e+02 4.385102798203431e-01  4.385102798203431e-01
4.158599298575834e+02 4.385102933094014e-01  4.385102933094014e-01
4.383097976307252e+02 4.385102980806479e-01  4.385102980806479e-01
4.607596654836098e+02 4.385102997994629e-01  4.385102997994629e-01
4.832095333726914e+02 4.385103004391572e-01  4.385103004391572e-01
5.056594012646700e+02 4.385103007060522e-01  4.385103007060522e-01
5.281092691691078e+02 4.385103006853742e-01  4.385103006853742e-01
5.505591370718432e+02 4.385103008212028e-01  4.385103008212028e-01
5.730090049687079e+02 4.385103009673553e-01  4.385103009673553e-01
5.954588728715415e+02 4.385103008689831e-01  4.385103008689831e-01
6.179087407789092e+02 4.385103007359485e-01  4.385103007359485e-01
6.403586086829914e+02 4.385103007354544e-01  4.385103007354544e-01
6.628084765849723e+02 4.385103008200434e-01  4.385103008200434e-01
6.852583444851668e+02 4.385103008744065e-01  4.385103008744065e-01
7.077082123886656e+02 4.385103008801099e-01  4.385103008801099e-01
7.301580802903687e+02 4.385103008549450e-01  4.385103008549450e-01
7.526079481957754e+02 4.385103007226624e-01  4.385103007226624e-01
7.750578161022997e+02 4.385103007351719e-01  4.385103007351719e-01
7.975076840007256e+02 4.385103007968352e-01  4.385103007968352e-01
8.199575519064623e+02 4.385103007562742e-01  4.385103007562742e-01
8.424074198081830e+02 4.385103006992015e-01  4.385103006992015e-01
8.648572877157939e+02 4.385103005797821e-01  4.385103005797821e-01
8.873071556197987e+02 4.385103005638966e-01  4.385103005638966e-01
9.097570235234089e+02 4.385103005956254e-01  4.385103005956254e-01
9.322068914251518e+02 4.385103006697977e-01  4.385103006697977e-01
9.546567593267946e+02 4.385103007169432e-01  4.385103007169432e-01
9.771066272296057e+02 4.385103007044976e-01  4.385103007044976e-01
9.995564951338309e+02 4.385103007212327e-01  4.385103007212327e-01
1.022006363034919e+03 4.385103007285341e-01  4.385103007285341e-01
1.044456230940212e+03 4.385103006833144e-01  4.385103006833144e-01

6.298607758332570e-03 2.499898602450056e-01  2.499898602450056e-01
2.042344896478601e+01 3.225037982128136e-01  3.225037982128136e-01
4.115993382900130e+01 3.892952079848546e-01  3.892952079848546e-01
6.270802592606424e+01 4.220443991807589e-01  4.220443991807589e-01
8.483571242328431e+01 4.333188247524158e-01  4.333188247524158e-01
1.071822919465442e+02 4.368880170472859e-01  4.368880170472859e-01
1.295990996723647e+02 4.380172238293568e-01  4.380172238293568e-01
1.520392274592347e+02 4.383342348117303e-01  4.383342348117303e-01
1.744856042682512e+02 4.384543555841309e-01  4.384543555841309e-01
1.969343972888918e+02 4.384938327070782e-01  4.384938327070782e-01
2.193838398645132e+02 4.385065802115051e-01  4.385065802115051e-01
2.418336409713549e+02 4.385089835511204e-01  4.385089835511204e-01
2.642834853614821e+02 4.385098312477614e-01  4.385098312477614e-01
2.867333448853982e+02 4.385101332457381e-01  4.385101332457381e-01
3.091832097978886e+02 4.385102410012453e-01  4.385102410012453e-01
3.316330766334580e+02 4.385102794990349e-01  4.385102794990349e-01
3.540829441533596e+02 4.385102932183156e-01  4.385102932183156e-01
3.765328119230236e+02 4.385102980553224e-01  4.385102980553224e-01
3.989826797772342e+02 4.385102998827898e-01  4.385102998827898e-01
4.214325476592506e+02 4.385103005628113e-01  4.385103005628113e-01
4.438824155573108e+02 4.385103006840086e-01  4.385103006840086e-01
4.663322834612051e+02 4.385103006986146e-01  4.385103006986146e-01
4.887821513628438e+02 4.385103006833311e-01  4.385103006833311e-01
5.112320192687561e+02 4.385103006763631e-01  4.385103006763631e-01
5.336818871691042e+02 4.385103006725511e-01  4.385103006725511e-01
5.561317550760824e+02 4.385103006035871e-01  4.385103006035871e-01
5.785816229783915e+02 4.385103005360196e-01  4.385103005360196e-01
6.010314908865889e+02 4.385103004071629e-01  4.385103004071629e-01
6.234813587911331e+02 4.385103005474885e-01  4.385103005474885e-01
6.459312266869223e+02 4.385103007138550e-01  4.385103007138550e-01
6.683810945913099e+02 4.385103006298487e-01  4.385103006298487e-01
6.908309624972740e+02 4.385103005475480e-01  4.385103005475480e-01
7.132808304016563e+02 4.385103005796949e-01  4.385103005796949e-01
7.357306983025343e+02 4.385103007405113e-01  4.385103007405113e-01
7.581805662008970e+02 4.385103009168502e-01  4.385103009168502e-01
7.806304341007210e+02 4.385103009120191e-01  4.385103009120191e-01
8.030803020072398e+02 4.385103007165617e-01  4.385103007165617e-01
8.255301699153556e+02 4.385103006774165e-01  4.385103006774165e-01
8.479800378144812e+02 4.385103007557852e-01  4.385103007557852e-01
8.704299057187430e+02 4.385103006522083e-01  4.385103006522083e-01
8.928797736257192e+02 4.385103006225466e-01  4.385103006225466e-01
9.153296415260517e+02 4.385103007730884e-01  4.385103007730884e-01
9.377795094253962e+02 4.385103008700355e-01  4.385103008700355e-01
9.602293773279472e+02 4.385103008293931e-01  4.385103008293931e-01
9.826792452331778e+02 4.385103007474722e-01  4.385103007474722e-01
1.005129113137482e+03 4.385103007266557e-01  4.385103007266557e-01
1.027578981040194e+03 4.385103006748605e-01  4.385103006748605e-01
1.050028848946479e+03 4.385103007549117e-01  4.385103007549117e-01

6.298607758298708e-03 3.499999999899170e-01  3.499999999899170e-01
2.101019144370084e+01 4.050479470851016e-01  4.050479470851016e-01
4.282503149319104e+01 4.276886027900130e-01  4.276886027900130e-01
6.506153460113705e+01 4.351101195183134e-01  4.351101195183134e-01
8.744368777912662e+01 4.374597888872696e-01  4.374597888872696e-01
1.098723771515705e+02 4.381902263784620e-01  4.381902263784620e-01
1.323157437383826e+02 4.384130781052066e-01  4.384130781052066e-01
1.547636791489037e+02 4.384793296631265e-01  4.384793296631265e-01
1.772129761018487e+02 4.385001353846146e-01  4.385001353846146e-01
1.996626515896606e+02 4.385068761744647e-01  4.385068761744647e-01
2.221124580636512e+02 4.385090871681101e-01  4.385090871681101e-01
2.445623043061047e+02 4.385098681124871e-01  4.385098681124871e-01
2.670121644866416e+02 4.385101463608147e-01  4.385101463608147e-01
2.894620296369692e+02 4.385102454264724e-01  4.385102454264724e-01
3.119118965645983e+02 4.385102807836368e-01  4.385102807836368e-01
3.343617641119405e+02 4.385102936357821e-01  4.385102936357821e-01
3.568116318863881e+02 4.385102982688799e-01  4.385102982688799e-01
3.792614997431917e+02 4.385102999074622e-01  4.385102999074622e-01
4.017113676307017e+02 4.385103005254200e-01  4.385103005254200e-01
4.241612355251415e+02 4.385103007767813e-01  4.385103007767813e-01
4.466111034270079e+02 4.385103007999718e-01  4.385103007999718e-01
4.690609713302572e+02 4.385103007161225e-01  4.385103007161225e-01
4.915108392372392e+02 4.385103006571513e-01  4.385103006571513e-01
5.139607071387752e+02 4.385103007063951e-01  4.385103007063951e-01
5.364105750416493e+02 4.385103008617790e-01  4.385103008617790e-01
5.588604429372357e+02 4.385103009907783e-01  4.385103009907783e-01
5.813103108422239e+02 4.385103008894410e-01  4.385103008894410e-01
6.037601787470001e+02 4.385103006884394e-01  4.385103006884394e-01
6.262100466576658e+02 4.385103006148204e-01  4.385103006148204e-01
6.486599145556434e+02 4.385103007412925e-01  4.385103007412925e-01
6.711097824591095e+02 4.385103007012394e-01  4.385103007012394e-01
6.935596503638461e+02 4.385103006976959e-01  4.385103006976959e-01
7.160095182653736e+02 4.385103006797791e-01  4.385103006797791e-01
7.384593861715065e+02 4.385103006893068e-01  4.385103006893068e-01
7.609092540707106e+02 4.385103007193412e-01  4.385103007193412e-01
7.833591219772741e+02 4.385103008186336e-01  4.385103008186336e-01
8.058089898711901e+02 4.385103009118165e-01  4.385103009118165e-01
8.282588577802778e+02 4.385103007894917e-01  4.385103007894917e-01
8.507087256815159e+02 4.385103008678004e-01  4.385103008678004e-01
8.731585935826657e+02 4.385103009964578e-01  4.385103009964578e-01
8.956084614809611e+02 4.385103011210141e-01  4.385103011210141e-01
9.180583293822845e+02 4.385103010770156e-01  4.385103010770156e-01
9.405081972879824e+02 4.385103010519563e-01  4.385103010519563e-01
9.629580651875744e+02 4.385103009311224e-01  4.385103009311224e-01
9.854079330996091e+02 4.385103006733504e-01  4.385103006733504e-01
1.007857801004115e+03 4.385103006406352e-01  4.385103006406352e-01
1.030307668907523e+03 4.385103006028962e-01  4.385103006028962e-01
1.052757536812710e+03 4.385103006560362e-01  4.385103006560362e-01

6.298607758277525e-03 4.500008053721859e-01  3.500005166681853e-01
2.190359883086089e+01 4.710451901207677e-01  3.671754812595484e-01
4.414452630655297e+01 4.780507979413013e-01  3.736953933459767e-01
6.651044840311981e+01 4.799733161242715e-01  3.765071943607950e-01
8.891810023475726e+01 4.800889712631947e-01  3.782005678452475e-01
1.113390119527855e+02 4.794884097434138e-01  3.796818469994905e-01
1.337628827018035e+02 4.785251676754428e-01  3.812795108123518e-01
1.561873503498427e+02 4.772971283467950e-01  3.830864498770291e-01
1.786101602012774e+02 4.758743709520165e-01  3.852229194114553e-01
2.010316452206645e+02 4.742364864097133e-01  3.876812969967464e-01
2.234515174478389e+02 4.724170185959895e-01  3.904717679488545e-01
2.458704732085597e+02 4.703949395757048e-01  3.934818994658035e-01
2.682879408963357e+02 4.682994054481943e-01  3.968010004650541e-01
2.907058476741005e+02 4.661075762429912e-01  4.002952464623107e-01
3.131248929483954e+02 4.638653278137721e-01  4.038695636386020e-01
3.355461011252724e+02 4.616320904844445e-01  4.074280474558582e-01
3.579694800419476e+02 4.594426725332326e-01  4.108779692580932e-01
3.803956567422079e+02 4.573050939048839e-01  4.141139799532866e-01
4.028250806728119e+02 4.552998929005764e-01  4.171271004532834e-01
4.252573692943326e+02 4.534412925623791e-01  4.198861497986199e-01
4.476924679902045e+02 4.517351819069487e-01  4.223854372886636e-01
4.701309519777226e+02 4.501706049495502e-01  4.245894285778357e-01
4.925716301209715e+02 4.487433850694020e-01  4.265212299377084e-01
5.150144653566985e+02 4.474649766629180e-01  4.281985133971742e-01
5.374589829911054e+02 4.463289156445268e-01  4.296602721900215e-01
5.599047325370135e+02 4.452811351097207e-01  4.308904304477197e-01
5.823513055791517e+02 4.443919524933272e-01  4.319659621181010e-01
6.047981909369253e+02 4.436169749368541e-01  4.329010115542734e-01
6.272458818736790e+02 4.429312240306238e-01  4.336990508688290e-01
6.496943501971455e+02 4.423362594266861e-01  4.343988336745729e-01
6.721436344233811e+02 4.418033006901324e-01  4.349767665096271e-01
6.945927162632980e+02 4.413200486260568e-01  4.354381004913368e-01
7.170417216358928e+02 4.409608564385254e-01  4.358996742626077e-01
7.394911270125651e+02 4.406391695966724e-01  4.362863679231532e-01
7.619412062959586e+02 4.403224174906179e-01  4.365783830525057e-01
7.843910929944979e+02 4.400790366400977e-01  4.368603989519868e-01
8.068414954733257e+02 4.398456091929441e-01  4.370785109592364e-01
8.292916014907122e+02 4.396683645197270e-01  4.372906597863737e-01
8.517419726115636e+02 4.395093784630011e-01  4.374669393331985e-01
8.741924187525060e+02 4.393636793552094e-01  4.376105398889956e-01
8.966427909733264e+02 4.392389252952602e-01  4.377363159916058e-01
9.190931364257749e+02 4.391324801415836e-01  4.378477136524313e-01
9.415436956836437e+02 4.390083893140369e-01  4.379133196373239e-01
9.639933572751771e+02 4.389480775579429e-01  4.380184828596304e-01
9.864435068645436e+02 4.388815825915696e-01  4.380955706282239e-01
1.008893769420847e+03 4.388155919496279e-01  4.381532795226860e-01
1.031344171453439e+03 4.387598486533927e-01  4.382034476142514e-01
1.053794208488481e+03 4.386887857188652e-01  4.382226795877441e-01

6.298607758277525e-03 3.500005166681853e-01  4.500008053721859e-01
2.190359883086089e+01 3.671754812595484e-01  4.710451901207677e-01
4.414452630655297e+01 3.736953933459767e-01  4.780507979413013e-01
6.651044840311981e+01 3.765071943607950e-01  4.799733161242715e-01
8.891810023475726e+01 3.782005678452475e-01  4.800889712631947e-01
1.113390119527855e+02 3.796818469994905e-01  4.794884097434138e-01
1.337628827018035e+02 3.812795108123518e-01  4.785251676754428e-01
1.561873503498427e+02 3.830864498770291e-01  4.772971283467950e-01
1.786101602012774e+02 3.852229194114553e-01  4.758743709520165e-01
2.010316452206645e+02 3.876812969967464e-01  4.742364864097133e-01
2.234515174478389e+02 3.904717679488545e-01  4.724170185959895e-01
2.458704732085597e+02 3.934818994658035e-01  4.703949395757048e-01
2.682879408963357e+02 3.968010004650541e-01  4.682994054481943e-01
2.907058476741005e+02 4.002952464623107e-01  4.661075762429912e-01
3.131248929483954e+02 4.038695636386020e-01  4.638653278137721e-01
3.355461011252724e+02 4.074280474558582e-01  4.616320904844445e-01
3.579694800419476e+02 4.108779692580932e-01  4.594426725332326e-01
3.803956567422079e+02 4.141139799532866e-01  4.573050939048839e-01
4.028250806728119e+02 4.171271004532834e-01  4.552998929005764e-01
4.252573692943326e+02 4.198861497986199e-01  4.534412925623791e-01
4.476924679902045e+02 4.223854372886636e-01  4.517351819069487e-01
4.701309519777226e+02 4.245894285778357e-01  4.501706049495502e-01
4.925716301209715e+02 4.265212299377084e-01  4.487433850694020e-01
5.150144653566985e+02 4.281985133971742e-01  4.474649766629180e-01
5.374589829911054e+02 4.296602721900215e-01  4.463289156445268e-01
5.599047325370135e+02 4.308904304477197e-01  4.452811351097207e-01
5.823513055791517e+02 4.319659621181010e-01  4.443919524933272e-01
6.047981909369253e+02 4.329010115542734e-01  4.436169749368541e-01
6.272458818736790e+02 4.336990508688290e-01  4.429312240306238e-01
6.496943501971455e+02 4.343988336745729e-01  4.423362594266861e-01
6.721436344233811e+02 4.349767665096271e-01  4.418033006901324e-01
6.945927162632980e+02 4.354381004913368e-01  4.413200486260568e-01
7.170417216358928e+02 4.358996742626077e-01  4.409608564385254e-01
7.394911270125651e+02 4.362863679231532e-01  4.406391695966724e-01
7.619412062959586e+02 4.365783830525057e-01  4.403224174906179e-01
7.843910929944979e+02 4.368603989519868e-01  4.400790366400977e-01
8.068414954733257e+02 4.370785109592364e-01  4.398456091929441e-01
8.292916014907122e+02 4.372906597863737e-01  4.396683645197270e-01
8.517419726115636e+02 4.374669393331985e-01  4.395093784630011e-01
8.741924187525060e+02 4.376105398889956e-01  4.393636793552094e-01
8.966427909733264e+02 4.377363159916058e-01  4.392389252952602e-01
9.190931364257749e+02 4.378477136524313e-01  4.391324801415836e-01
9.415436956836437e+02 4.379133196373239e-01  4.390083893140369e-01
9.639933572751771e+02 4.380184828596304e-01  4.389480775579429e-01
9.864435068645436e+02 4.380955706282239e-01  4.388815825915696e-01
1.008893769420847e+03 4.381532795226860e-01  4.388155919496279e-01
1.031344171453439e+03 4.382034476142514e-01  4.387598486533927e-01
1.053794208488481e+03 4.382226795877441e-01  4.386887857188652e-01

6.298607758249418e-03 4.500005686115956e-01  4.500005686115956e-01
2.268882774554006e+01 4.420269318169946e-01  4.420269318169946e-01
4.520927721686395e+01 4.395925362846339e-01  4.395925362846339e-01
6.768095724863677e+01 4.388402919753457e-01  4.388402919753457e-01
9.013738547225455e+01 4.386078200192005e-01  4.386078200192005e-01
1.125895952565519e+02 4.385138314399625e-01  4.385138314399625e-01
1.350395264365378e+02 4.385115632966316e-01  4.385115632966316e-01
1.574894168617872e+02 4.385107523858902e-01  4.385107523858902e-01
1.799392928247308e+02 4.385104620627537e-01  4.385104620627537e-01
2.023891636075569e+02 4.385103583069709e-01  4.385103583069709e-01
2.248390325396813e+02 4.385103212913180e-01  4.385103212913180e-01
2.472889008076878e+02 4.385103080252680e-01  4.385103080252680e-01
2.697387688466296e+02 4.385103032286749e-01  4.385103032286749e-01
2.921886367948038e+02 4.385103015929739e-01  4.385103015929739e-01
3.146385047147679e+02 4.385103010528311e-01  4.385103010528311e-01
3.370883726209221e+02 4.385103008696482e-01  4.385103008696482e-01
3.595382405281831e+02 4.385103007598835e-01  4.385103007598835e-01
3.819881084311897e+02 4.385103008283163e-01  4.385103008283163e-01
4.044379763308170e+02 4.385103008525629e-01  4.385103008525629e-01
4.268878442364725e+02 4.385103008218790e-01  4.385103008218790e-01
4.493377121375448e+02 4.385103008141099e-01  4.385103008141099e-01
4.717875800430948e+02 4.385103007308861e-01  4.385103007308861e-01
4.942374479471374e+02 4.385103006637531e-01  4.385103006637531e-01
5.166873158526211e+02 4.385103007421680e-01  4.385103007421680e-01
5.391371837492027e+02 4.385103008615986e-01  4.385103008615986e-01
5.615870516540924e+02 4.385103008047330e-01  4.385103008047330e-01
5.840369195573453e+02 4.385103008631095e-01  4.385103008631095e-01
6.064867874569414e+02 4.385103008575904e-01  4.385103008575904e-01
6.289366553639860e+02 4.385103007146091e-01  4.385103007146091e-01
6.513865232690936e+02 4.385103006826899e-01  4.385103006826899e-01
6.738363911715505e+02 4.385103006473973e-01  4.385103006473973e-01
6.962862590775042e+02 4.385103006408442e-01  4.385103006408442e-01
7.187361269779221e+02 4.385103008079514e-01  4.385103008079514e-01
7.411859948762026e+02 4.385103008847303e-01  4.385103008847303e-01
7.636358627808720e+02 4.385103007926121e-01  4.385103007926121e-01
7.860857306861179e+02 4.385103007233163e-01  4.385103007233163e-01
8.085355985899413e+02 4.385103008138863e-01  4.385103008138863e-01
8.309854664876374e+02 4.385103009733969e-01  4.385103009733969e-01
8.534353343888135e+02 4.385103009983417e-01  4.385103009983417e-01
8.758852022918559e+02 4.385103009164652e-01  4.385103009164652e-01
8.983350701980252e+02 4.385103008272107e-01  4.385103008272107e-01
9.207849381011213e+02 4.385103008094812e-01  4.385103008094812e-01
9.432348060047590e+02 4.385103008673639e-01  4.385103008673639e-01
9.656846739039421e+02 4.385103009017668e-01  4.385103009017668e-01
9.881345418094162e+02 4.385103008402910e-01  4.385103008402910e-01
1.010584409712050e+03 4.385103008607795e-01  4.385103008607795e-01
1.033034277614226e+03 4.385103009076458e-01  4.385103009076458e-01
1.055484145515503e+03 4.385103009612287e-01  4.385103009612287e-01

6.298607757944532e-03 5.499983631013134e-01  4.499987404937814e-01
2.378215878630877e+01 4.964215140061516e-01  4.118412667337422e-01
4.665245625413492e+01 4.775027769690343e-01  4.010893337252653e-01
6.921244015347442e+01 4.700432095318707e-01  4.000362612149248e-01
9.167593821235323e+01 4.661322075480210e-01  4.021174258634309e-01
1.141095642602321e+02 4.633675171626738e-01  4.052574690595075e-01
1.365357110082916e+02 4.609755516861868e-01  4.086436729069997e-01
1.589615056403130e+02 4.587469965333612e-01  4.119812399098985e-01
1.813895689341948e+02 4.566104413683669e-01  4.150942893676468e-01
2.038188681574815e+02 4.546767687954773e-01  4.180564465077246e-01
2.262518535053585e+02 4.528828189786006e-01  4.207506803945735e-01
2.486883280620063e+02 4.512034288573586e-01  4.231396203486269e-01
2.711270186674449e+02 4.496878280921883e-01  4.252563216255760e-01
2.935688638372744e+02 4.482896353565488e-01  4.270883452563574e-01
3.160122208486537e+02 4.470655057091653e-01  4.286979765320040e-01
3.384571111498899e+02 4.459724550880030e-01  4.300925019697188e-01
3.609033682473234e+02 4.449699127163391e-01  4.312613337047864e-01
3.833498419126880e+02 4.441501023157606e-01  4.323227899631280e-01
4.057972173749683e+02 4.433874826766198e-01  4.331922979933063e-01
4.282458450350244e+02 4.427091517980583e-01  4.339295562421521e-01
4.506943440799345e+02 4.421389193403001e-01  4.345945932409520e-01
4.731434216798582e+02 4.416359997580873e-01  4.351388050573011e-01
4.955922432630490e+02 4.412263167154681e-01  4.356315240001515e-01
5.180418137017278e+02 4.408539917462834e-01  4.360406575561065e-01
5.404914815772331e+02 4.405154000557068e-01  4.363747678105721e-01
5.629410946795330e+02 4.402197833913885e-01  4.366587157312331e-01
5.853915445147990e+02 4.399710092761195e-01  4.369085455809297e-01
6.078409248006465e+02 4.397923500270759e-01  4.371605375373950e-01
6.302911971624146e+02 4.396031379244461e-01  4.373417451155671e-01
6.527416213937682e+02 4.394477576364583e-01  4.375054024077690e-01
6.751919959476161e+02 4.393178504847340e-01  4.376512054006998e-01
6.976424384168699e+02 4.391995044008729e-01  4.377718565320226e-01
7.200927295412271e+02 4.390982504654172e-01  4.378789348079964e-01
7.425430408388760e+02 4.390116577876176e-01  4.379743449039945e-01
7.649934098177844e+02 4.389201026579213e-01  4.380406382398620e-01
7.874439685954535e+02 4.388254540901840e-01  4.380825651353713e-01
8.098937864701124e+02 4.387796168626177e-01  4.381543156461998e-01
8.323439223118568e+02 4.386944154067268e-01  4.381695718040488e-01
8.547929521799432e+02 4.386839579817143e-01  4.382445173482506e-01
8.772428997389310e+02 4.386553325563508e-01  4.382879981588443e-01
8.996928189663904e+02 4.386275484871547e-01  4.383210205792534e-01
9.221428930248712e+02 4.385991983078925e-01  4.383436393636182e-01
9.445930928999352e+02 4.385786693849414e-01  4.383657346697530e-01
9.670430824572301e+02 4.385345123856124e-01  4.383571549111033e-01
9.894927127511461e+02 4.385268797975400e-01  4.383792460168097e-01
1.011942293742845e+03 4.385247024259303e-01  4.384018635644767e-01
1.034392202088806e+03 4.385163298501466e-01  4.384141610619139e-01
1.056842090999844e+03 4.385005016421663e-01  4.384155279307084e-01

6.298607757944532e-03 4.499987404937814e-01  5.499983631013134e-01
2.378215878630877e+01 4.118412667337422e-01  4.964215140061516e-01
4.665245625413492e+01 4.010893337252653e-01  4.775027769690343e-01
6.921244015347442e+01 4.000362612149248e-01  4.700432095318707e-01
9.167593821235323e+01 4.021174258634309e-01  4.661322075480210e-01
1.141095642602321e+02 4.052574690595075e-01  4.633675171626738e-01
1.365357110082916e+02 4.086436729069997e-01  4.609755516861868e-01
1.589615056403130e+02 4.119812399098985e-01  4.587469965333612e-01
1.813895689341948e+02 4.150942893676468e-01  4.566104413683669e-01
2.038188681574815e+02 4.180564465077246e-01  4.546767687954773e-01
2.262518535053585e+02 4.207506803945735e-01  4.528828189786006e-01
2.486883280620063e+02 4.231396203486269e-01  4.512034288573586e-01
2.711270186674449e+02 4.252563216255760e-01  4.496878280921883e-01
2.935688638372744e+02 4.270883452563574e-01  4.482896353565488e-01
3.160122208486537e+02 4.286979765320040e-01  4.470655057091653e-01
3.384571111498899e+02 4.300925019697188e-01  4.459724550880030e-01
3.609033682473234e+02 4.312613337047864e-01  4.449699127163391e-01
3.833498419126880e+02 4.323227899631280e-01  4.441501023157606e-01
4.057972173749683e+02 4.331922979933063e-01  4.433874826766198e-01
4.282458450350244e+02 4.339295562421521e-01  4.427091517980583e-01
4.506943440799345e+02 4.345945932409520e-01  4.421389193403001e-01
4.731434216798582e+02 4.351388050573011e-01  4.416359997580873e-01
4.955922432630490e+02 4.356315240001515e-01  4.412263167154681e-01
5.180418137017278e+02 4.360406575561065e-01  4.408539917462834e-01
5.404914815772331e+02 4.363747678105721e-01  4.405154000557068e-01
5.629410946795330e+02 4.366587157312331e-01  4.402197833913885e-01
5.853915445147990e+02 4.369085455809297e-01  4.399710092761195e-01
6.078409248006465e+02 4.371605375373950e-01  4.397923500270759e-01
6.302911971624146e+02 4.373417451155671e-01  4.396031379244461e-01
6.527416213937682e+02 4.375054024077690e-01  4.394477576364583e-01
6.751919959476161e+02 4.376512054006998e-01  4.393178504847340e-01
6.976424384168699e+02 4.377718565320226e-01  4.391995044008729e-01
7.200927295412271e+02 4.378789348079964e-01  4.390982504654172e-01
7.425430408388760e+02 4.379743449039945e-01  4.390116577876176e-01
7.649934098177844e+02 4.380406382398620e-01  4.389201026579213e-01
7.874439685954535e+02 4.380825651353713e-01  4.388254540901840e-01
8.098937864701124e+02 4.381543156461998e-01  4.387796168626177e-01
8.323439223118568e+02 4.381695718040488e-01  4.386944154067268e-01
8.547929521799432e+02 4.382445173482506e-01  4.386839579817143e-01
8.772428997389310e+02 4.382879981588443e-01  4.386553325563508e-01
8.996928189663904e+02 4.383210205792534e-01  4.386275484871547e-01
9.221428930248712e+02 4.383436393636182e-01  4.385991983078925e-01
9.445930928999352e+02 4.383657346697530e-01  4.385786693849414e-01
9.670430824572301e+02 4.383571549111033e-01  4.385345123856124e-01
9.894927127511461e+02 4.383792460168097e-01  4.385268797975400e-01
1.011942293742845e+03 4.384018635644767e-01  4.385247024259303e-01
1.034392202088806e+03 4.384141610619139e-01  4.385163298501466e-01
1.056842090999844e+03 4.384155279307084e-01  4.385005016421663e-01

6.298607757812483e-03 5.499981855501471e-01  5.499981855501471e-01
2.443332629158773e+01 4.760358412911260e-01  4.760358412911260e-01
4.764911404105582e+01 4.500179337955995e-01  4.500179337955995e-01
7.033194537042375e+01 4.420164851756260e-01  4.420164851756260e-01
9.285197826889346e+01 4.395667966761846e-01  4.395667966761846e-01
1.153232823275485e+02 4.388108876161282e-01  4.388108876161282e-01
1.377791271069879e+02 4.386046608854445e-01  4.386046608854445e-01
1.602308300647982e+02 4.385408088973674e-01  4.385408088973674e-01
1.826812773685905e+02 4.385214087674533e-01  4.385214087674533e-01
2.051313472248663e+02 4.385143095459544e-01  4.385143095459544e-01
2.275812868483493e+02 4.385117380076038e-01  4.385117380076038e-01
2.500311803902686e+02 4.385108150426264e-01  4.385108150426264e-01
2.724810574692750e+02 4.385104846237636e-01  4.385104846237636e-01
2.949309286458722e+02 4.385103665496350e-01  4.385103665496350e-01
3.173807977231324e+02 4.385103242840134e-01  4.385103242840134e-01
3.398306660434428e+02 4.385103091157836e-01  4.385103091157836e-01
3.622805341016792e+02 4.385103037858495e-01  4.385103037858495e-01
3.847304020484402e+02 4.385103019392648e-01  4.385103019392648e-01
4.071802699782102e+02 4.385103009204346e-01  4.385103009204346e-01
4.296301378952659e+02 4.385103005960879e-01  4.385103005960879e-01
4.520800057971873e+02 4.385103006076276e-01  4.385103006076276e-01
4.745298737018003e+02 4.385103006342661e-01  4.385103006342661e-01
4.969797416023283e+02 4.385103006838825e-01  4.385103006838825e-01
5.194296095065621e+02 4.385103007449522e-01  4.385103007449522e-01
5.418794774054664e+02 4.385103008422931e-01  4.385103008422931e-01
5.643293453086796e+02 4.385103009258101e-01  4.385103009258101e-01
5.867792132068347e+02 4.385103009252035e-01  4.385103009252035e-01
6.092290811150730e+02 4.385103008321593e-01  4.385103008321593e-01
6.316789490158038e+02 4.385103008579950e-01  4.385103008579950e-01
6.541288169200305e+02 4.385103008148092e-01  4.385103008148092e-01
6.765786848234069e+02 4.385103007497038e-01  4.385103007497038e-01
6.990285527291693e+02 4.385103006843267e-01  4.385103006843267e-01
7.214784206323588e+02 4.385103006913559e-01  4.385103006913559e-01
7.439282885352619e+02 4.385103007700237e-01  4.385103007700237e-01
7.663781564348308e+02 4.385103007914503e-01  4.385103007914503e-01
7.888280243409819e+02 4.385103007056865e-01  4.385103007056865e-01
8.112778922445106e+02 4.385103006399075e-01  4.385103006399075e-01
8.337277601506620e+02 4.385103005381834e-01  4.385103005381834e-01
8.561776280557742e+02 4.385103005783382e-01  4.385103005783382e-01
8.786274959553618e+02 4.385103007366101e-01  4.385103007366101e-01
9.010773638554202e+02 4.385103008391391e-01  4.385103008391391e-01
9.235272317569827e+02 4.385103008649879e-01  4.385103008649879e-01
9.459770996601452e+02 4.385103007502580e-01  4.385103007502580e-01
9.684269675684599e+02 4.385103005811311e-01  4.385103005811311e-01
9.908768354738752e+02 4.385103005559031e-01  4.385103005559031e-01
1.013326703376280e+03 4.385103006113509e-01  4.385103006113509e-01
1.035776571278323e+03 4.385103008197834e-01  4.385103008197834e-01
1.058226439172655e+03 4.385103009567722e-01  4.385103009567722e-01

6.298607757327461e-03 6.499999937678657e-01  5.499999743574131e-01
2.459409987551855e+01 5.318031160344384e-01  4.640950589587175e-01
4.830341406075305e+01 4.823682330538575e-01  4.273268331273118e-01
7.113652483048342e+01 4.653510726343317e-01  4.176747135169950e-01
9.368805809515057e+01 4.587386937071337e-01  4.168453838156486e-01
1.161568391809634e+02 4.553950400837091e-01  4.185565819936282e-01
1.386020548820989e+02 4.531280795245884e-01  4.208264892429834e-01
1.610419868504671e+02 4.513210586040173e-01  4.231153654902409e-01
1.834820543964643e+02 4.497579640784337e-01  4.252018053752463e-01
2.059240360347314e+02 4.483512177380202e-01  4.270404512023600e-01
2.283672506182227e+02 4.471112009044949e-01  4.286484762357332e-01
2.508123532334965e+02 4.460137662279024e-01  4.300480010885788e-01
2.732578173141897e+02 4.450220990038716e-01  4.312413323791969e-01
2.957040239266706e+02 4.441869085100308e-01  4.322977907478205e-01
3.181516502857303e+02 4.434353451794134e-01  4.331885080184151e-01
3.406002586051495e+02 4.427484541622446e-01  4.339248752775990e-01
3.630490778377754e+02 4.421487827608394e-01  4.345648533190949e-01
3.854976944029297e+02 4.416622169097038e-01  4.351329462516480e-01
4.079470457898797e+02 4.412374396798485e-01  4.356148139529361e-01
4.303968347124061e+02 4.408415056210178e-01  4.360037980614312e-01
4.528462978598311e+02 4.405364773725801e-01  4.363755797423154e-01
4.752962289517400e+02 4.402587251543812e-01  4.366810338545654e-01
4.977465364345698e+02 4.400126839497288e-01  4.369371678664509e-01
5.201970905327347e+02 4.398029546452775e-01  4.371595825431318e-01
5.426473195304159e+02 4.396000184653113e-01  4.373283409324629e-01
5.650974704328003e+02 4.394474458140696e-01  4.374961527403736e-01
5.875478222950469e+02 4.393150577140899e-01  4.376407653328970e-01
6.099983451854657e+02 4.391717612037736e-01  4.377371789398433e-01
6.324482383690306e+02 4.390664190975359e-01  4.378407201648645e-01
6.548981731603823e+02 4.390019179581159e-01  4.379585328960515e-01
6.773485805203433e+02 4.389248889269710e-01  4.380402047775032e-01
6.997988115057443e+02 4.388556926558999e-01  4.381082404058217e-01
7.222491370506299e+02 4.387904828049848e-01  4.381612481324177e-01
7.446995256939977e+02 4.387345749495508e-01  4.382066060328196e-01
7.671494717001610e+02 4.386713738150457e-01  4.382291240450403e-01
7.895993068407661e+02 4.386463262527668e-01  4.382765682938005e-01
8.120490167876330e+02 4.386249646992101e-01  4.383163670249365e-01
8.344990528000919e+02 4.385917498096339e-01  4.383344691867680e-01
8.569492449121411e+02 4.385656590947681e-01  4.383512479927087e-01
8.793989710614055e+02 4.385556838041254e-01  4.383771421347460e-01
9.018487964378413e+02 4.385457658589574e-01  4.383971803439721e-01
9.242987716204724e+02 4.385330842667218e-01  4.384094617618927e-01
9.467488589502940e+02 4.385194368758563e-01  4.384166231649670e-01
9.691987662493713e+02 4.385094762951003e-01  4.384239745660048e-01
9.916488619129373e+02 4.384996983212749e-01  4.384285699559176e-01
1.014098729459688e+03 4.384939170551879e-01  4.384347456548391e-01
1.036548682007730e+03 4.384898830551563e-01  4.384406787887362e-01
1.058998509906101e+03 4.384862275291447e-01  4.384453154556972e-01

6.298607757327461e-03 5.499999743574131e-01  6.499999937678657e-01
2.459409987551855e+01 4.640950589587175e-01  5.318031160344384e-01
4.830341406075305e+01 4.273268331273118e-01  4.823682330538575e-01
7.113652483048342e+01 4.176747135169950e-01  4.653510726343317e-01
9.368805809515057e+01 4.168453838156486e-01  4.587386937071337e-01
1.161568391809634e+02 4.185565819936282e-01  4.553950400837091e-01
1.386020548820989e+02 4.208264892429834e-01  4.531280795245884e-01
1.610419868504671e+02 4.231153654902409e-01  4.513210586040173e-01
1.834820543964643e+02 4.252018053752463e-01  4.497579640784337e-01
2.059240360347314e+02 4.270404512023600e-01  4.483512177380202e-01
2.283672506182227e+02 4.286484762357332e-01  4.471112009044949e-01
2.508123532334965e+02 4.300480010885788e-01  4.460137662279024e-01
2.732578173141897e+02 4.312413323791969e-01  4.450220990038716e-01
2.957040239266706e+02 4.322977907478205e-01  4.441869085100308e-01
3.181516502857303e+02 4.331885080184151e-01  4.434353451794134e-01
3.406002586051495e+02 4.339248752775990e-01  4.427484541622446e-01
3.630490778377754e+02 4.345648533190949e-01  4.421487827608394e-01
3.854976944029297e+02 4.351329462516480e-01  4.416622169097038e-01
4.079470457898797e+02 4.356148139529361e-01  4.412374396798485e-01
4.303968347124061e+02 4.360037980614312e-01  4.408415056210178e-01
4.528462978598311e+02 4.363755797423154e-01  4.405364773725801e-01
4.752962289517400e+02 4.366810338545654e-01  4.402587251543812e-01
4.977465364345698e+02 4.369371678664509e-01  4.400126839497288e-01
5.201970905327347e+02 4.371595825431318e-01  4.398029546452775e-01
5.426473195304159e+02 4.373283409324629e-01  4.396000184653113e-01
5.650974704328003e+02 4.374961527403736e-01  4.394474458140696e-01
5.875478222950469e+02 4.376407653328970e-01  4.393150577140899e-01
6.099983451854657e+02 4.377371789398433e-01  4.391717612037736e-01
6.324482383690306e+02 4.378407201648645e-01  4.390664190975359e-01
6.548981731603823e+02 4.379585328960515e-01  4.390019179581159e-01
6.773485805203433e+02 4.380402047775032e-01  4.389248889269710e-01
6.997988115057443e+02 4.381082404058217e-01  4.388556926558999e-01
7.222491370506299e+02 4.381612481324177e-01  4.387904828049848e-01
7.446995256939977e+02 4.382066060328196e-01  4.387345749495508e-01
7.671494717001610e+02 4.382291240450403e-01  4.386713738150457e-01
7.895993068407661e+02 4.382765682938005e-01  4.386463262527668e-01
8.120490167876330e+02 4.383163670249365e-01  4.386249646992101e-01
8.344990528000919e+02 4.383344691867680e-01  4.385917498096339e-01
8.569492449121411e+02 4.383512479927087e-01  4.385656590947681e-01
8.793989710614055e+02 4.383771421347460e-01  4.385556838041254e-01
9.018487964378413e+02 4.383971803439721e-01  4.385457658589574e-01
9.242987716204724e+02 4.384094617618927e-01  4.385330842667218e-01
9.467488589502940e+02 4.384166231649670e-01  4.385194368758563e-01
9.691987662493713e+02 4.384239745660048e-01  4.385094762951003e-01
9.916488619129373e+02 4.384285699559176e-01  4.384996983212749e-01
1.014098729459688e+03 4.384347456548391e-01  4.384939170551879e-01
1.036548682007730e+03 4.384406787887362e-01  4.384898830551563e-01
1.058998509906101e+03 4.384453154556972e-01  4.384862275291447e-01

6.298607756895292e-03 6.499999976979954e-01  6.499999976979954e-01
2.407074149010141e+01 5.249248293201197e-01  5.249248293201197e-01
4.818544608429234e+01 4.663633022280887e-01  4.663633022280887e-01
7.120342816725730e+01 4.470334149962916e-01  4.470334149962916e-01
9.382531954354938e+01 4.411007280638989e-01  4.411007280638989e-01
1.163272898007471e+02 4.392854416373230e-01  4.392854416373230e-01
1.387925380057471e+02 4.387309704582740e-01  4.387309704582740e-01
1.612468130509847e+02 4.385766527486957e-01  4.385766527486957e-01
1.836981560511277e+02 4.385054897969247e-01  4.385054897969247e-01
2.061479375714532e+02 4.385085991765152e-01  4.385085991765152e-01
2.285977750775169e+02 4.385096947420529e-01  4.385096947420529e-01
2.510476321720000e+02 4.385100843996023e-01  4.385100843996023e-01
2.734974962164613e+02 4.385102234722700e-01  4.385102234722700e-01
2.959473627415164e+02 4.385102731501541e-01  4.385102731501541e-01
3.183972301516985e+02 4.385102909071542e-01  4.385102909071542e-01
3.408470978789009e+02 4.385102973242466e-01  4.385102973242466e-01
3.632969657150090e+02 4.385102995949121e-01  4.385102995949121e-01
3.857468335998356e+02 4.385103003174486e-01  4.385103003174486e-01
4.081967014937279e+02 4.385103005826994e-01  4.385103005826994e-01
4.306465693964433e+02 4.385103005782690e-01  4.385103005782690e-01
4.530964373009930e+02 4.385103006343891e-01  4.385103006343891e-01
4.755463052002472e+02 4.385103006514454e-01  4.385103006514454e-01
4.979961731076705e+02 4.385103005463817e-01  4.385103005463817e-01
5.204460410113677e+02 4.385103006334585e-01  4.385103006334585e-01
5.428959089102678e+02 4.385103007113880e-01  4.385103007113880e-01
5.653457768150397e+02 4.385103006766742e-01  4.385103006766742e-01
5.877956447180561e+02 4.385103007168715e-01  4.385103007168715e-01
6.102455126195209e+02 4.385103007076783e-01  4.385103007076783e-01
6.326953805251783e+02 4.385103006132240e-01  4.385103006132240e-01
6.551452484301950e+02 4.385103006567870e-01  4.385103006567870e-01
6.775951163293747e+02 4.385103007576618e-01  4.385103007576618e-01
7.000449842324304e+02 4.385103006420821e-01  4.385103006420821e-01
7.224948521414400e+02 4.385103005610396e-01  4.385103005610396e-01
7.449447200419964e+02 4.385103006235938e-01  4.385103006235938e-01
7.673945879458414e+02 4.385103006284090e-01  4.385103006284090e-01
7.898444558483919e+02 4.385103005995581e-01  4.385103005995581e-01
8.122943237541674e+02 4.385103007027891e-01  4.385103007027891e-01
8.347441916494341e+02 4.385103008911852e-01  4.385103008911852e-01
8.571940595526303e+02 4.385103007980189e-01  4.385103007980189e-01
8.796439274596903e+02 4.385103007706567e-01  4.385103007706567e-01
9.020937953591464e+02 4.385103007894401e-01  4.385103007894401e-01
9.245436632655305e+02 4.385103006812079e-01  4.385103006812079e-01
9.469935311699443e+02 4.385103005983473e-01  4.385103005983473e-01
9.694433990759840e+02 4.385103006432735e-01  4.385103006432735e-01
9.918932669739147e+02 4.385103008035297e-01  4.385103008035297e-01
1.014343134875570e+03 4.385103008957748e-01  4.385103008957748e-01
1.036793002775398e+03 4.385103008661119e-01  4.385103008661119e-01
1.059242870683228e+03 4.385103007152603e-01  4.385103007152603e-01

6.298607756537187e-03 7.502218533523813e-01  6.501691938633564e-01
2.338453642673510e+01 5.992321550847519e-01  5.218492347138022e-01
4.794397700307940e+01 5.066600180802125e-01  4.513914147429426e-01
7.126827771739933e+01 4.721525107625728e-01  4.262356405248436e-01
9.397227574958613e+01 4.601900398429040e-01  4.204273737403853e-01
1.164885119483628e+02 4.552269953203518e-01  4.204747757757664e-01
1.389489377862632e+02 4.525560817493293e-01  4.221877523886234e-01
1.613945767054022e+02 4.506664529708857e-01  4.241919938607121e-01
1.838372166003595e+02 4.491198214163165e-01  4.261073167582352e-01
2.062803349056383e+02 4.477709039877969e-01  4.278123418198435e-01
2.287245986143164e+02 4.465976151023935e-01  4.293227066089694e-01
2.511702541015046e+02 4.455271991165091e-01  4.306041387800328e-01
2.736165440202034e+02 4.446029880921197e-01  4.317141245309819e-01
2.960635706893118e+02 4.437909360842931e-01  4.326727875195743e-01
3.185109847175366e+02 4.430918597344994e-01  4.335100369825284e-01
3.409590101928695e+02 4.424658313095629e-01  4.342218327313382e-01
3.634077756603991e+02 4.419238238519723e-01  4.348391557802631e-01
3.858570309746225e+02 4.414655556621240e-01  4.353617427564487e-01
4.083065274706697e+02 4.410479803587574e-01  4.357941998318294e-01
4.307558885195561e+02 4.407198114766553e-01  4.362011029357927e-01
4.532058056018654e+02 4.404132695986801e-01  4.365272881560232e-01
4.756557240239575e+02 4.401296340015146e-01  4.367881901975904e-01
4.981057587799313e+02 4.399059135526498e-01  4.370334105387121e-01
5.205558691500473e+02 4.397092335505256e-01  4.372409128937543e-01
5.430064941240252e+02 4.395178230445437e-01  4.373966259189742e-01
5.654564010579610e+02 4.393691572186298e-01  4.375476829388347e-01
5.879062576124063e+02 4.392671757352586e-01  4.377049966677041e-01
6.103563677810840e+02 4.391719944659429e-01  4.378354903713901e-01
6.328064045041950e+02 4.390748999341750e-01  4.379353200920801e-01
6.552570576028967e+02 4.389757576848359e-01  4.380075109033372e-01
6.777075086848037e+02 4.388967256968492e-01  4.380772481418801e-01
7.001576662074647e+02 4.388281042464064e-01  4.381370642469608e-01
7.226079495909712e+02 4.387715792415006e-01  4.381906819034027e-01
7.450581217235385e+02 4.387205604019552e-01  4.382336700679877e-01
7.675081558631040e+02 4.386601891253948e-01  4.382528196860463e-01
7.899578585024352e+02 4.386399201489781e-01  4.382996595032503e-01
8.124077546706486e+02 4.386133966256759e-01  4.383294890405061e-01
8.348579198132865e+02 4.385869515040619e-01  4.383503940580165e-01
8.573079350121584e+02 4.385658234475621e-01  4.383687914477437e-01
8.797579585599633e+02 4.385496250315287e-01  4.383855843525928e-01
9.022078733071620e+02 4.385358968172181e-01  4.383993980817016e-01
9.246578991321203e+02 4.385233810224933e-01  4.384098341235942e-01
9.471077925604453e+02 4.385169080254304e-01  4.384224308761376e-01
9.695577835854644e+02 4.385080889078659e-01  4.384295107810174e-01
9.920078023144135e+02 4.384976390452365e-01  4.384322954102207e-01
1.014457794522410e+03 4.384902423662918e-01  4.384358834819733e-01
1.036907635155846e+03 4.384831466253492e-01  4.384379279844086e-01
1.059357579003243e+03 4.384609204880912e-01  4.384232866127274e-01

6.298607756537187e-03 6.501691938633564e-01  7.502218533523813e-01
2.338453642673510e+01 5.218492347138022e-01  5.992321550847519e-01
4.794397700307940e+01 4.513914147429426e-01  5.066600180802125e-01
7.126827771739933e+01 4.262356405248436e-01  4.721525107625728e-01
9.397227574958613e+01 4.204273737403853e-01  4.601900398429040e-01
1.164885119483628e+02 4.204747757757664e-01  4.552269953203518e-01
1.389489377862632e+02 4.221877523886234e-01  4.525560817493293e-01
1.613945767054022e+02 4.241919938607121e-01  4.506664529708857e-01
1.838372166003595e+02 4.261073167582352e-01  4.491198214163165e-01
2.062803349056383e+02 4.278123418198435e-01  4.477709039877969e-01
2.287245986143164e+02 4.293227066089694e-01  4.465976151023935e-01
2.511702541015046e+02 4.306041387800328e-01  4.455271991165091e-01
2.736165440202034e+02 4.317141245309819e-01  4.446029880921197e-01
2.960635706893118e+02 4.326727875195743e-01  4.437909360842931e-01
3.185109847175366e+02 4.335100369825284e-01  4.430918597344994e-01
3.409590101928695e+02 4.342218327313382e-01  4.424658313095629e-01
3.634077756603991e+02 4.348391557802631e-01  4.419238238519723e-01
3.858570309746225e+02 4.353617427564487e-01  4.414655556621240e-01
4.083065274706697e+02 4.357941998318294e-01  4.410479803587574e-01
4.307558885195561e+02 4.362011029357927e-01  4.407198114766553e-01
4.532058056018654e+02 4.365272881560232e-01  4.404132695986801e-01
4.756557240239575e+02 4.367881901975904e-01  4.401296340015146e-01
4.981057587799313e+02 4.370334105387121e-01  4.399059135526498e-01
5.205558691500473e+02 4.372409128937543e-01  4.397092335505256e-01
5.430064941240252e+02 4.373966259189742e-01  4.395178230445437e-01
5.654564010579610e+02 4.375476829388347e-01  4.393691572186298e-01
5.879062576124063e+02 4.377049966677041e-01  4.392671757352586e-01
6.103563677810840e+02 4.378354903713901e-01  4.391719944659429e-01
6.328064045041950e+02 4.379353200920801e-01  4.390748999341750e-01
6.552570576028967e+02 4.380075109033372e-01  4.389757576848359e-01
6.777075086848037e+02 4.380772481418801e-01  4.388967256968492e-01
7.001576662074647e+02 4.381370642469608e-01  4.388281042464064e-01
7.226079495909712e+02 4.381906819034027e-01  4.387715792415006e-01
7.450581217235385e+02 4.382336700679877e-01  4.387205604019552e-01
7.675081558631040e+02 4.382528196860463e-01  4.386601891253948e-01
7.899578585024352e+02 4.382996595032503e-01  4.386399201489781e-01
8.124077546706486e+02 4.383294890405061e-01  4.386133966256759e-01
8.348579198132865e+02 4.383503940580165e-01  4.385869515040619e-01
8.573079350121584e+02 4.383687914477437e-01  4.385658234475621e-01
8.797579585599633e+02 4.383855843525928e-01  4.385496250315287e-01
9.022078733071620e+02 4.383993980817016e-01  4.385358968172181e-01
9.246578991321203e+02 4.384098341235942e-01  4.385233810224933e-01
9.471077925604453e+02 4.384224308761376e-01  4.385169080254304e-01
9.695577835854644e+02 4.384295107810174e-01  4.385080889078659e-01
9.920078023144135e+02 4.384322954102207e-01  4.384976390452365e-01
1.014457794522410e+03 4.384358834819733e-01  4.384902423662918e-01
1.036907635155846e+03 4.384379279844086e-01  4.384831466253492e-01
1.059357579003243e+03 4.384232866127274e-01  4.384609204880912e-01

6.298607756066120e-03 7.835081802781182e-01  7.835081802781182e-01
2.193466041477338e+01 6.500194509178098e-01  6.500194509178098e-01
4.599892519480767e+01 5.249333578765667e-01  5.249333578765667e-01
7.011375688269776e+01 4.663569649074829e-01  4.663569649074829e-01
9.313160820623375e+01 4.470283285827714e-01  4.470283285827714e-01
1.157533881514014e+02 4.411029691580514e-01  4.411029691580514e-01
1.382554130846213e+02 4.392976942853932e-01  4.392976942853932e-01
1.607209385147325e+02 4.387557786811451e-01  4.387557786811451e-01
1.831757099874187e+02 4.385844789495902e-01  4.385844789495902e-01
2.056271990524888e+02 4.385167146127127e-01  4.385167146127127e-01
2.280771824757013e+02 4.385125985758537e-01  4.385125985758537e-01
2.505270913942153e+02 4.385111236825178e-01  4.385111236825178e-01
2.729769739762534e+02 4.385105949821462e-01  4.385105949821462e-01
2.954268471293619e+02 4.385104058546797e-01  4.385104058546797e-01
3.178767169075389e+02 4.385103382400665e-01  4.385103382400665e-01
3.403265854830495e+02 4.385103139990075e-01  4.385103139990075e-01
3.627764536278581e+02 4.385103053691856e-01  4.385103053691856e-01
3.852263216146133e+02 4.385103024894647e-01  4.385103024894647e-01
4.076761895410504e+02 4.385103015284532e-01  4.385103015284532e-01
4.301260574565255e+02 4.385103010703846e-01  4.385103010703846e-01
4.525759253642365e+02 4.385103008985084e-01  4.385103008985084e-01
4.750257932688750e+02 4.385103008304986e-01  4.385103008304986e-01
4.974756611728055e+02 4.385103008271984e-01  4.385103008271984e-01
5.199255290746671e+02 4.385103008224573e-01  4.385103008224573e-01
5.423753969791172e+02 4.385103008637841e-01  4.385103008637841e-01
5.648252648780768e+02 4.385103008453480e-01  4.385103008453480e-01
5.872751327865635e+02 4.385103006956548e-01  4.385103006956548e-01
6.097250006902781e+02 4.385103006810581e-01  4.385103006810581e-01
6.321748685935971e+02 4.385103007613710e-01  4.385103007613710e-01
6.546247364926212e+02 4.385103008978182e-01  4.385103008978182e-01
6.770746043935790e+02 4.385103008879451e-01  4.385103008879451e-01
6.995244722990265e+02 4.385103007979529e-01  4.385103007979529e-01
7.219743402031846e+02 4.385103007016478e-01  4.385103007016478e-01
7.444242081096752e+02 4.385103005450992e-01  4.385103005450992e-01
7.668740760168732e+02 4.385103005079888e-01  4.385103005079888e-01
7.893239439178577e+02 4.385103005620479e-01  4.385103005620479e-01
8.117738118219310e+02 4.385103004772138e-01  4.385103004772138e-01
8.342236797291107e+02 4.385103005388668e-01  4.385103005388668e-01
8.566735476254092e+02 4.385103006976281e-01  4.385103006976281e-01
8.791234155296326e+02 4.385103007091609e-01  4.385103007091609e-01
9.015732834310130e+02 4.385103008202192e-01  4.385103008202192e-01
9.240231513307125e+02 4.385103008933743e-01  4.385103008933743e-01
9.464730192338269e+02 4.385103009203388e-01  4.385103009203388e-01
9.689228871347877e+02 4.385103008879179e-01  4.385103008879179e-01
9.913727550413392e+02 4.385103008302939e-01  4.385103008302939e-01
1.013822622942478e+03 4.385103008680723e-01  4.385103008680723e-01
1.036272490845576e+03 4.385103009141514e-01  4.385103009141514e-01
1.058722358745695e+03 4.385103008785060e-01  4.385103008785060e-01

6.300122293085714e-03 8.596820217529457e-01  7.582243084280021e-01
2.171007499205126e+01 7.482015012396674e-01  6.473496916802061e-01
4.512813547831644e+01 5.974556670353779e-01  5.199903271711502e-01
6.967489788642388e+01 5.059897571210256e-01  4.504158099028934e-01
9.298374552543129e+01 4.720061847751155e-01  4.257317365677253e-01
1.156819400959471e+02 4.602330820355633e-01  4.201249458363913e-01
1.381960937658463e+02 4.553327868574692e-01  4.202585665758181e-01
1.606555489182884e+02 4.526719531540475e-01  4.220114697154248e-01
1.831009074007088e+02 4.507696882171361e-01  4.240351157127166e-01
2.055434482857719e+02 4.491986931661048e-01  4.259489018173236e-01
2.279859389687880e+02 4.478489109337475e-01  4.276837679574325e-01
2.504301271814781e+02 4.466751257849170e-01  4.292175184903597e-01
2.728752487664814e+02 4.456208734425564e-01  4.305406803801650e-01
2.953217775215044e+02 4.446707394372858e-01  4.316473885343168e-01
3.177688622691907e+02 4.438491238241795e-01  4.326146108784092e-01
3.402166639216139e+02 4.431333331020658e-01  4.334501486428549e-01
3.626647989966251e+02 4.425034286355596e-01  4.341709862023437e-01
3.851136745578145e+02 4.419592120714227e-01  4.347989637196993e-01
4.075625734483697e+02 4.414978993882586e-01  4.353287228904437e-01
4.300123154335084e+02 4.410468994922582e-01  4.357360787740459e-01
4.524616121798754e+02 4.407065679775203e-01  4.361374226309329e-01
4.749110026462884e+02 4.404224556505684e-01  4.364931023236140e-01
4.973609553869434e+02 4.401597744413204e-01  4.367814442315274e-01
5.198111891984458e+02 4.399102889624971e-01  4.370058116748973e-01
5.422612214311663e+02 4.397087385262781e-01  4.372123171171410e-01
5.647112592618785e+02 4.395558677805589e-01  4.374111184329051e-01
5.871614775296849e+02 4.394141476783128e-01  4.375726233825325e-01
6.096119910374831e+02 4.392841006050841e-01  4.377049006912226e-01
6.320623324567346e+02 4.391741819326493e-01  4.378228599316227e-01
6.545127873897186e+02 4.390708684173648e-01  4.379174371818581e-01
6.769634131693115e+02 4.389719916915716e-01  4.379916796034162e-01
6.994138821742328e+02 4.389014779948289e-01  4.380716260175835e-01
7.218638848789228e+02 4.388384297944194e-01  4.381385906360636e-01
7.443142073272319e+02 4.387775523982649e-01  4.381889428356155e-01
7.667644746425890e+02 4.387105794644960e-01  4.382169886118045e-01
7.892139106772663e+02 4.386654640622131e-01  4.382524197192290e-01
8.116635594015960e+02 4.386428343100055e-01  4.382978655560011e-01
8.341135996441171e+02 4.386175507813160e-01  4.383297607357207e-01
8.565634922542794e+02 4.385824115916059e-01  4.383425544099950e-01
8.790137435704822e+02 4.385403088337318e-01  4.383404387956396e-01
9.014631786394501e+02 4.385458569461383e-01  4.383794429360313e-01
9.239129473990533e+02 4.385355267637891e-01  4.383970522375166e-01
9.463629556968330e+02 4.385211938815088e-01  4.384060073062830e-01
9.688129639086271e+02 4.385109689030298e-01  4.384151243418457e-01
9.912628715972874e+02 4.384844775870350e-01  4.384047507879734e-01
1.013712485868727e+03 4.384875493805083e-01  4.384212554267689e-01
1.036162407423493e+03 4.384838068886680e-01  4.384286879923266e-01
1.058612287901842e+03 4.384653751791540e-01  4.384195174030140e-01

6.300122293085714e-03 7.582243084280021e-01  8.596820217529457e-01
2.171007499205126e+01 6.473496916802061e-01  7.482015012396674e-01
4.512813547831644e+01 5.199903271711502e-01  5.974556670353779e-01
6.967489788642388e+01 4.504158099028934e-01  5.059897571210256e-01
9.298374552543129e+01 4.257317365677253e-01  4.720061847751155e-01
1.156819400959471e+02 4.201249458363913e-01  4.602330820355633e-01
1.381960937658463e+02 4.202585665758181e-01  4.553327868574692e-01
1.606555489182884e+02 4.220114697154248e-01  4.526719531540475e-01
1.831009074007088e+02 4.240351157127166e-01  4.507696882171361e-01
2.055434482857719e+02 4.259489018173236e-01  4.491986931661048e-01
2.279859389687880e+02 4.276837679574325e-01  4.478489109337475e-01
2.504301271814781e+02 4.292175184903597e-01  4.466751257849170e-01
2.728752487664814e+02 4.305406803801650e-01  4.456208734425564e-01
2.953217775215044e+02 4.316473885343168e-01  4.446707394372858e-01
3.177688622691907e+02 4.326146108784092e-01  4.438491238241795e-01
3.402166639216139e+02 4.334501486428549e-01  4.431333331020658e-01
3.626647989966251e+02 4.341709862023437e-01  4.425034286355596e-01
3.851136745578145e+02 4.347989637196993e-01  4.419592120714227e-01
4.075625734483697e+02 4.353287228904437e-01  4.414978993882586e-01
4.300123154335084e+02 4.357360787740459e-01  4.410468994922582e-01
4.524616121798754e+02 4.361374226309329e-01  4.407065679775203e-01
4.749110026462884e+02 4.364931023236140e-01  4.404224556505684e-01
4.973609553869434e+02 4.367814442315274e-01  4.401597744413204e-01
5.198111891984458e+02 4.370058116748973e-01  4.399102889624971e-01
5.422612214311663e+02 4.372123171171410e-01  4.397087385262781e-01
5.647112592618785e+02 4.374111184329051e-01  4.395558677805589e-01
5.871614775296849e+02 4.375726233825325e-01  4.394141476783128e-01
6.096119910374831e+02 4.377049006912226e-01  4.392841006050841e-01
6.320623324567346e+02 4.378228599316227e-01  4.391741819326493e-01
6.545127873897186e+02 4.379174371818581e-01  4.390708684173648e-01
6.769634131693115e+02 4.379916796034162e-01  4.389719916915716e-01
6.994138821742328e+02 4.380716260175835e-01  4.389014779948289e-01
7.218638848789228e+02 4.381385906360636e-01  4.388384297944194e-01
7.443142073272319e+02 4.381889428356155e-01  4.387775523982649e-01
7.667644746425890e+02 4.382169886118045e-01  4.387105794644960e-01
7.892139106772663e+02 4.382524197192290e-01  4.386654640622131e-01
8.116635594015960e+02 4.382978655560011e-01  4.386428343100055e-01
8.341135996441171e+02 4.383297607357207e-01  4.386175507813160e-01
8.565634922542794e+02 4.383425544099950e-01  4.385824115916059e-01
8.790137435704822e+02 4.383404387956396e-01  4.385403088337318e-01
9.014631786394501e+02 4.383794429360313e-01  4.385458569461383e-01
9.239129473990533e+02 4.383970522375166e-01  4.385355267637891e-01
9.463629556968330e+02 4.384060073062830e-01  4.385211938815088e-01
9.688129639086271e+02 4.384151243418457e-01  4.385109689030298e-01
9.912628715972874e+02 4.384047507879734e-01  4.384844775870350e-01
1.013712485868727e+03 4.384212554267689e-01  4.384875493805083e-01
1.036162407423493e+03 4.384286879923266e-01  4.384838068886680e-01
1.058612287901842e+03 4.384195174030140e-01  4.384653751791540e-01

6.298607866631605e-03 8.503786943110503e-01  8.503786943110503e-01
2.106279821799897e+01 7.883815307084724e-01  7.883815307084724e-01
4.291935233928617e+01 6.581321925981559e-01  6.581321925981559e-01
6.686881186255067e+01 5.296947196141485e-01  5.296947196141485e-01
9.105312288629294e+01 4.681307023527160e-01  4.681307023527160e-01
1.141073535862325e+02 4.475554599407145e-01  4.475554599407145e-01
1.367399054134288e+02 4.412634977354151e-01  4.412634977354151e-01
1.592451002105351e+02 4.393562667245182e-01  4.393562667245182e-01
1.817117915394531e+02 4.387814739734576e-01  4.387814739734576e-01
2.041665460276711e+02 4.386019516370254e-01  4.386019516370254e-01
2.266182785553020e+02 4.385384394122184e-01  4.385384394122184e-01
2.490686785096103e+02 4.385206789414636e-01  4.385206789414636e-01
2.715187347476660e+02 4.385140417868083e-01  4.385140417868083e-01
2.939686695492044e+02 4.385116417844015e-01  4.385116417844015e-01
3.164185613794320e+02 4.385107805405519e-01  4.385107805405519e-01
3.388684378371300e+02 4.385104722927422e-01  4.385104722927422e-01
3.613183088004013e+02 4.385103620385309e-01  4.385103620385309e-01
3.837681777963759e+02 4.385103227022613e-01  4.385103227022613e-01
4.062180460874054e+02 4.385103087068044e-01  4.385103087068044e-01
4.286679141288543e+02 4.385103036468329e-01  4.385103036468329e-01
4.511177820841746e+02 4.385103018434812e-01  4.385103018434812e-01
4.735676500020166e+02 4.385103012524071e-01  4.385103012524071e-01
4.960175179120959e+02 4.385103008869260e-01  4.385103008869260e-01
5.184673858229412e+02 4.385103006812135e-01  4.385103006812135e-01
5.409172537264566e+02 4.385103007480963e-01  4.385103007480963e-01
5.633671216259653e+02 4.385103007314609e-01  4.385103007314609e-01
5.858169895342247e+02 4.385103006207025e-01  4.385103006207025e-01
6.082668574368190e+02 4.385103005781483e-01  4.385103005781483e-01
6.307167253433066e+02 4.385103006901398e-01  4.385103006901398e-01
6.531665932373284e+02 4.385103009531957e-01  4.385103009531957e-01
6.756164611382482e+02 4.385103008511316e-01  4.385103008511316e-01
6.980663290481882e+02 4.385103006754519e-01  4.385103006754519e-01
7.205161969514785e+02 4.385103006909077e-01  4.385103006909077e-01
7.429660648538824e+02 4.385103007346851e-01  4.385103007346851e-01
7.654159327558347e+02 4.385103006830141e-01  4.385103006830141e-01
7.878658006630433e+02 4.385103006873528e-01  4.385103006873528e-01
8.103156685612049e+02 4.385103007349264e-01  4.385103007349264e-01
8.327655364681532e+02 4.385103006553615e-01  4.385103006553615e-01
8.552154043707015e+02 4.385103007488205e-01  4.385103007488205e-01
8.776652722700975e+02 4.385103007947189e-01  4.385103007947189e-01
9.001151401753185e+02 4.385103007727526e-01  4.385103007727526e-01
9.225650080767647e+02 4.385103007245447e-01  4.385103007245447e-01
9.450148759842157e+02 4.385103006208113e-01  4.385103006208113e-01
9.674647438874515e+02 4.385103006343531e-01  4.385103006343531e-01
9.899146117903363e+02 4.385103007560378e-01  4.385103007560378e-01
1.012364479687978e+03 4.385103009163510e-01  4.385103009163510e-01
1.034814347589464e+03 4.385103010014897e-01  4.385103010014897e-01
1.057264215489296e+03 4.385103010630481e-01  4.385103010630481e-01

6.298968081876960e-03 9.500000195698985e-01  8.500000186116786e-01
2.077401377106650e+01 9.303233149525950e-01  8.235570548684199e-01
4.174000861222579e+01 8.940933592374689e-01  7.799547834528374e-01
6.312851015165232e+01 8.169108207482584e-01  6.971503491159312e-01
8.562312262792986e+01 6.764444885536254e-01  5.642275133166795e-01
1.100668110113002e+02 5.471307752199184e-01  4.713206100538045e-01
1.339870128580490e+02 4.888606870407879e-01  4.280614713015027e-01
1.569029226027608e+02 4.686378815085013e-01  4.159370524507759e-01
1.794781861023127e+02 4.609823777537502e-01  4.144754309904115e-01
2.019523849228476e+02 4.572134257852910e-01  4.161285131730533e-01
2.243980545178364e+02 4.547240105903378e-01  4.185449426710652e-01
2.468357796544300e+02 4.527643315565951e-01  4.210408911100921e-01
2.692737662903084e+02 4.510570002863691e-01  4.233632146178117e-01
2.917135529285939e+02 4.495410186775597e-01  4.254358549965978e-01
3.141551004031478e+02 4.481649618144158e-01  4.272522800502708e-01
3.365985915307497e+02 4.469506079713216e-01  4.288351196377627e-01
3.590434397963082e+02 4.458681490993567e-01  4.302076753908165e-01
3.814893849956143e+02 4.448959040759782e-01  4.313763911396837e-01
4.039359930359045e+02 4.440602133948245e-01  4.323958442793058e-01
4.263833462099512e+02 4.433356004603876e-01  4.332836469654814e-01
4.488322262169874e+02 4.426582088590238e-01  4.340038751460017e-01
4.712810517933342e+02 4.420670499963028e-01  4.346293452759989e-01
4.937296617941038e+02 4.415854303400969e-01  4.351785601707291e-01
5.161788458263966e+02 4.411669874955102e-01  4.356497236764222e-01
5.386280038799904e+02 4.407957557666324e-01  4.360485649885438e-01
5.610775826136298e+02 4.404597279702451e-01  4.363753631399877e-01
5.835270551685365e+02 4.401774448518652e-01  4.366643901998832e-01
6.059765992212999e+02 4.399518345227952e-01  4.369308745228025e-01
6.284260444146571e+02 4.397437759231926e-01  4.371466832479097e-01
6.508757690580022e+02 4.395689101370124e-01  4.373367197923612e-01
6.733252782336677e+02 4.394377797258273e-01  4.375206627109857e-01
6.957756528388960e+02 4.393034810082913e-01  4.376586063946809e-01
7.182260340865233e+02 4.391891256627767e-01  4.377805766161188e-01
7.406763201872462e+02 4.390921974139876e-01  4.378897959378846e-01
7.631266328654015e+02 4.390043240179504e-01  4.379814237715485e-01
7.855769077893951e+02 4.389249980337134e-01  4.380582577156323e-01
8.080273544438436e+02 4.388524115070913e-01  4.381206933696588e-01
8.304776193206263e+02 4.387699276557745e-01  4.381540634289258e-01
8.529274635021214e+02 4.387091016576925e-01  4.381922501447847e-01
8.753771186475600e+02 4.386595059443697e-01  4.382267117298906e-01
8.978264260327099e+02 4.386500475341077e-01  4.382883366257488e-01
9.202763451926245e+02 4.386255606281803e-01  4.383236933886111e-01
9.427263375755751e+02 4.385987191708864e-01  4.383470607030591e-01
9.651765352122884e+02 4.385620382151825e-01  4.383523838952005e-01
9.876263312786239e+02 4.385504206927782e-01  4.383758224162540e-01
1.010076193572326e+03 4.385389937231087e-01  4.383936978438671e-01
1.032526117706343e+03 4.385272887286782e-01  4.384064149192824e-01
1.054976178438249e+03 4.385145172632625e-01  4.384139880693954e-01

6.298968081876960e-03 8.500000186116786e-01  9.500000195698985e-01
2.077401377106650e+01 8.235570548684199e-01  9.303233149525950e-01
4.174000861222579e+01 7.799547834528374e-01  8.940933592374689e-01
6.312851015165232e+01 6.971503491159312e-01  8.169108207482584e-01
8.562312262792986e+01 5.642275133166795e-01  6.764444885536254e-01
1.100668110113002e+02 4.713206100538045e-01  5.471307752199184e-01
1.339870128580490e+02 4.280614713015027e-01  4.888606870407879e-01
1.569029226027608e+02 4.159370524507759e-01  4.686378815085013e-01
1.794781861023127e+02 4.144754309904115e-01  4.609823777537502e-01
2.019523849228476e+02 4.161285131730533e-01  4.572134257852910e-01
2.243980545178364e+02 4.185449426710652e-01  4.547240105903378e-01
2.468357796544300e+02 4.210408911100921e-01  4.527643315565951e-01
2.692737662903084e+02 4.233632146178117e-01  4.510570002863691e-01
2.917135529285939e+02 4.254358549965978e-01  4.495410186775597e-01
3.141551004031478e+02 4.272522800502708e-01  4.481649618144158e-01
3.365985915307497e+02 4.288351196377627e-01  4.469506079713216e-01
3.590434397963082e+02 4.302076753908165e-01  4.458681490993567e-01
3.814893849956143e+02 4.313763911396837e-01  4.448959040759782e-01
4.039359930359045e+02 4.323958442793058e-01  4.440602133948245e-01
4.263833462099512e+02 4.332836469654814e-01  4.433356004603876e-01
4.488322262169874e+02 4.340038751460017e-01  4.426582088590238e-01
4.712810517933342e+02 4.346293452759989e-01  4.420670499963028e-01
4.937296617941038e+02 4.351785601707291e-01  4.415854303400969e-01
5.161788458263966e+02 4.356497236764222e-01  4.411669874955102e-01
5.386280038799904e+02 4.360485649885438e-01  4.407957557666324e-01
5.610775826136298e+02 4.363753631399877e-01  4.404597279702451e-01
5.835270551685365e+02 4.366643901998832e-01  4.401774448518652e-01
6.059765992212999e+02 4.369308745228025e-01  4.399518345227952e-01
6.284260444146571e+02 4.371466832479097e-01  4.397437759231926e-01
6.508757690580022e+02 4.373367197923612e-01  4.395689101370124e-01
6.733252782336677e+02 4.375206627109857e-01  4.394377797258273e-01
6.957756528388960e+02 4.376586063946809e-01  4.393034810082913e-01
7.182260340865233e+02 4.377805766161188e-01  4.391891256627767e-01
7.406763201872462e+02 4.378897959378846e-01  4.390921974139876e-01
7.631266328654015e+02 4.379814237715485e-01  4.390043240179504e-01
7.855769077893951e+02 4.380582577156323e-01  4.389249980337134e-01
8.080273544438436e+02 4.381206933696588e-01  4.388524115070913e-01
8.304776193206263e+02 4.381540634289258e-01  4.387699276557745e-01
8.529274635021214e+02 4.381922501447847e-01  4.387091016576925e-01
8.753771186475600e+02 4.382267117298906e-01  4.386595059443697e-01
8.978264260327099e+02 4.382883366257488e-01  4.386500475341077e-01
9.202763451926245e+02 4.383236933886111e-01  4.386255606281803e-01
9.427263375755751e+02 4.383470607030591e-01  4.385987191708864e-01
9.651765352122884e+02 4.383523838952005e-01  4.385620382151825e-01
9.876263312786239e+02 4.383758224162540e-01  4.385504206927782e-01
1.010076193572326e+03 4.383936978438671e-01  4.385389937231087e-01
1.032526117706343e+03 4.384064149192824e-01  4.385272887286782e-01
1.054976178438249e+03 4.384139880693954e-01  4.385145172632625e-01

6.301637124094358e-03 9.499999999991350e-01  9.499999999991350e-01
2.042837395445203e+01 9.478605029929325e-01  9.478605029929325e-01
4.085505289178991e+01 9.454859102963772e-01  9.454859102963772e-01
6.128648342101852e+01 9.427689283792572e-01  9.427689283792572e-01
8.172509312503706e+01 9.396364251371092e-01  9.396364251371092e-01
1.021723636250184e+02 9.360125147953864e-01  9.360125147953864e-01
1.226297333494253e+02 9.317016503045534e-01  9.317016503045534e-01
1.431015659374051e+02 9.264889958376999e-01  9.264889958376999e-01
1.635922612404045e+02 9.199782219921444e-01  9.199782219921444e-01
1.841104787772821e+02 9.115740093201752e-01  9.115740093201752e-01
2.046690244347421e+02 9.001143176245997e-01  9.001143176245997e-01
2.252937112142105e+02 8.831741533988023e-01  8.831741533988023e-01
2.460396961184419e+02 8.547768935304831e-01  8.547768935304831e-01
2.670494240967610e+02 7.980258682568006e-01  7.980258682568006e-01
2.887665125264475e+02 6.754071820604679e-01  6.754071820604679e-01
3.124525443501622e+02 5.404418713438951e-01  5.404418713438951e-01
3.367771761420699e+02 4.722237763363167e-01  4.722237763363167e-01
3.599152149496896e+02 4.488208342853127e-01  4.488208342853127e-01
3.825734205325925e+02 4.416545256768348e-01  4.416545256768348e-01
4.050863182760563e+02 4.394614288536680e-01  4.394614288536680e-01
4.275550519680851e+02 4.388089960961833e-01  4.388089960961833e-01
4.500107889836823e+02 4.386029772649517e-01  4.386029772649517e-01
4.724626138767960e+02 4.385367605864142e-01  4.385367605864142e-01
4.949129806288113e+02 4.385201056064796e-01  4.385201056064796e-01
5.173630262081612e+02 4.385138319401987e-01  4.385138319401987e-01
5.398129572487103e+02 4.385115662407491e-01  4.385115662407491e-01
5.622628477260878e+02 4.385107534817695e-01  4.385107534817695e-01
5.847127237062587e+02 4.385104625765771e-01  4.385104625765771e-01
6.071625944926664e+02 4.385103587529583e-01  4.385103587529583e-01
6.296124634214850e+02 4.385103216331405e-01  4.385103216331405e-01
6.520623316966655e+02 4.385103082914612e-01  4.385103082914612e-01
6.745121997290951e+02 4.385103035653214e-01  4.385103035653214e-01
6.969620676802551e+02 4.385103017017462e-01  4.385103017017462e-01
7.194119356066360e+02 4.385103010260012e-01  4.385103010260012e-01
7.418618035114255e+02 4.385103009504805e-01  4.385103009504805e-01
7.643116714149519e+02 4.385103008798961e-01  4.385103008798961e-01
7.867615393201397e+02 4.385103008487913e-01  4.385103008487913e-01
8.092114072216200e+02 4.385103008941550e-01  4.385103008941550e-01
8.316612751238565e+02 4.385103008846944e-01  4.385103008846944e-01
8.541111430277344e+02 4.385103008581576e-01  4.385103008581576e-01
8.765610109305645e+02 4.385103009442942e-01  4.385103009442942e-01
8.990108788290146e+02 4.385103010037597e-01  4.385103010037597e-01
9.214607467337540e+02 4.385103009806308e-01  4.385103009806308e-01
9.439106146347647e+02 4.385103008934847e-01  4.385103008934847e-01
9.663604825437184e+02 4.385103007998492e-01  4.385103007998492e-01
9.888103504437535e+02 4.385103008933644e-01  4.385103008933644e-01
1.011260218345534e+03 4.385103008748455e-01  4.385103008748455e-01
1.033710086250479e+03 4.385103007543781e-01  4.385103007543781e-01

