6.298607758316576e-03 2.498588240199643e-01  3.502103583326187e-01
2.073099411600644e+01 2.942118624435364e-01  4.359911430182122e-01
4.225450860303204e+01 3.099421727242039e-01  4.910301902593863e-01
6.441058112788778e+01 2.990676511930218e-01  5.318813102981436e-01
8.688664457053612e+01 2.678098393997560e-01  5.795987352029713e-01
1.094703431130675e+02 2.318756562986197e-01  6.281369482810817e-01
1.319242360469153e+02 2.260159104937360e-01  6.644141998213127e-01
1.541776444675472e+02 2.538345525557648e-01  6.977117705306157e-01
1.762169813047648e+02 3.103808796748478e-01  7.300332508024331e-01
1.981743326839357e+02 3.708097871048778e-01  7.429627788683384e-01
2.204831605674074e+02 3.997765000870525e-01  7.255124443012207e-01
2.432978962231581e+02 3.961012079245883e-01  6.839013814049685e-01
2.664819118008941e+02 3.731300061582353e-01  6.392209130373204e-01
2.897048178186481e+02 3.432101645889607e-01  6.154699695793792e-01
3.127106102262770e+02 3.144833344171807e-01  6.183013849018801e-01
3.354904099022888e+02 2.924507316032571e-01  6.393556865420680e-01
3.580629152215734e+02 2.876570881361222e-01  6.657050322571958e-01
3.804559464862914e+02 3.049135977091009e-01  6.891677871693122e-01
4.027550447569224e+02 3.349382201353884e-01  7.025366733258834e-01
4.251415856666409e+02 3.593501916690188e-01  6.990515767812614e-01
4.477808178078444e+02 3.664731809379428e-01  6.802606229360495e-01
4.706607203420663e+02 3.580342373663504e-01  6.568607914673382e-01
4.936287934705451e+02 3.412447113783342e-01  6.417975397453403e-01
5.165251295563722e+02 3.235307662545457e-01  6.410847832968688e-01
5.392810106320834e+02 3.113404793766283e-01  6.517796873552841e-01
5.618941085070649e+02 3.099663742835779e-01  6.670160683340107e-01
5.843975126432933e+02 3.202272815189307e-01  6.802481061898551e-01
6.068666921518071e+02 3.359777306511063e-01  6.862502086741419e-01
6.294070475326629e+02 3.480420891583808e-01  6.825194343872160e-01
6.520857885930956e+02 3.509911595958153e-01  6.714191700091580e-01
6.748821470745063e+02 3.454853165210670e-01  6.593491393461073e-01
6.977131868377495e+02 3.355246838443352e-01  6.526516826056431e-01
7.204996369801672e+02 3.258808068059687e-01  6.536456837920314e-01
7.432024986485164e+02 3.205485572261521e-01  6.604257699511503e-01
7.658225913248690e+02 3.218259616279940e-01  6.689879137722375e-01
7.883906461322633e+02 3.285866307487433e-01  6.755414268059934e-01
8.109594200985650e+02 3.369085828335670e-01  6.772344672929345e-01
8.335830021618370e+02 3.422671069487539e-01  6.736430411340623e-01
8.562806598756584e+02 3.425630086885700e-01  6.670229253099211e-01
8.790320083243942e+02 3.384689805114396e-01  6.611255160579527e-01
9.017894006111741e+02 3.326480709408005e-01  6.586774998633225e-01
9.245144209381599e+02 3.277535050294988e-01  6.604049987742709e-01
9.471884882942285e+02 3.260695129688999e-01  6.648096801601631e-01
9.698192633437802e+02 3.280513201471632e-01  6.694869761504565e-01
9.924312819642875e+02 3.323274800690735e-01  6.722653729955227e-01
1.015055890181010e+03 3.365567061582258e-01  6.721050304576081e-01
1.037717006498759e+03 3.386238729048793e-01  6.693318616455893e-01
1.060415898573953e+03 3.379037868939354e-01  6.656840797167692e-01

6.298607758301057e-03 2.494760969987966e-01  4.507353310896983e-01
2.160700002234912e+01 2.362494242590512e-01  5.405120710060020e-01
4.398461516108022e+01 1.888495645815744e-01  6.057819791793259e-01
6.647507361631182e+01 1.684163764329397e-01  6.376731675078890e-01
8.886332442014445e+01 1.730279836932036e-01  6.572620271627786e-01
1.111438697391748e+02 1.943443067607264e-01  6.775546113771660e-01
1.332881685818321e+02 2.359377695003013e-01  7.064355706179676e-01
1.552256608443394e+02 3.049002411564331e-01  7.427696049411051e-01
1.770319402915176e+02 3.787701130649203e-01  7.607509610506989e-01
1.992322883608423e+02 4.140423514346124e-01  7.460045961596042e-01
2.219907743846877e+02 4.121078325251183e-01  7.025433872812931e-01
2.451925924969460e+02 3.882490365311903e-01  6.475252974707991e-01
2.685430790476432e+02 3.554076255814606e-01  6.110007160294525e-01
2.916662860343517e+02 3.230881087608652e-01  6.052373255296595e-01
3.145286707522065e+02 2.945626550786208e-01  6.241458374119843e-01
3.371765377625732e+02 2.791001383056914e-01  6.529870629336928e-01
3.596172681955132e+02 2.880758764636376e-01  6.812813382279365e-01
3.818955165840218e+02 3.185628675166615e-01  7.029238922193712e-01
4.041579626652480e+02 3.526421810699600e-01  7.089424318304958e-01
4.266378040243820e+02 3.706317453297154e-01  6.950835859231110e-01
4.494310189374894e+02 3.683145400453272e-01  6.686313468013009e-01
4.724233051381317e+02 3.526618031765333e-01  6.447252853867691e-01
4.954110195064366e+02 3.322349011725347e-01  6.354690987892778e-01
5.182611007345597e+02 3.143116675616184e-01  6.419104285211541e-01
5.409482551523643e+02 3.054224386318343e-01  6.575830617197205e-01
5.634886179135671e+02 3.103171643702621e-01  6.746782884331214e-01
5.859364277089054e+02 3.263744915562934e-01  6.866491955283289e-01
6.083971412941180e+02 3.438542744461427e-01  6.885824784042286e-01
6.309846633331869e+02 3.532235137643426e-01  6.798265398010179e-01
6.537346260622455e+02 3.517291460940210e-01  6.655025623714094e-01
6.765813925262946e+02 3.424277163031127e-01  6.536250847168480e-01
6.994224815632241e+02 3.305252685090124e-01  6.498485292720859e-01
7.221857286912650e+02 3.210839997001801e-01  6.545115057553882e-01
7.448486580881155e+02 3.181007402677429e-01  6.638931994410130e-01
7.674270491342664e+02 3.228262493270412e-01  6.732795985254642e-01
7.899709472999097e+02 3.322282654848264e-01  6.786058768546283e-01
8.125439231338537e+02 3.408911496551185e-01  6.777891661393167e-01
8.351973844389871e+02 3.445821193427577e-01  6.716338023775515e-01
8.579315130264231e+02 3.424079319377673e-01  6.637732774254450e-01
8.807050804994261e+02 3.364308230085704e-01  6.584156734373054e-01
9.034634341340461e+02 3.297982203203218e-01  6.577967720168708e-01
9.261702619346896e+02 3.255580076337342e-01  6.613666221439549e-01
9.488212854779513e+02 3.254151906121071e-01  6.669112841115680e-01
9.714321036359116e+02 3.290964143098727e-01  6.716363924740943e-01
9.940355143856767e+02 3.344232611178281e-01  6.735079006564465e-01
1.016667773145481e+03 3.384649461803385e-01  6.719396569682593e-01
1.039345764640589e+03 3.395013765419256e-01  6.680585950330323e-01
1.062061679738440e+03 3.375446198190584e-01  6.639837298579172e-01

6.298607758279780e-03 2.499996509040453e-01  5.499991246272269e-01
2.245309593576998e+01 2.055857212989943e-01  6.110599974092757e-01
4.493884208741515e+01 1.876844363287188e-01  6.459293082035977e-01
6.728654146479167e+01 1.990340618711047e-01  6.713243158833159e-01
8.947776319374063e+01 2.345705469716095e-01  7.007412918647322e-01
1.114618726723833e+02 2.980594319595978e-01  7.364802992255233e-01
1.332944662628696e+02 3.708255555273107e-01  7.564112277053667e-01
1.554610400579265e+02 4.092100288085974e-01  7.441607223367542e-01
1.781826764944963e+02 4.097946234673318e-01  7.030864249776391e-01
2.013513493948678e+02 3.875318001140919e-01  6.499006835351122e-01
2.246800360598354e+02 3.556759985317115e-01  6.136787952178666e-01
2.478022985206288e+02 3.238963223428382e-01  6.073363618587910e-01
2.706668816394589e+02 2.959895816688199e-01  6.252759649355838e-01
2.933175187738694e+02 2.810127912186693e-01  6.534018447641832e-01
3.157640315521517e+02 2.898395611166710e-01  6.810392306291038e-01
3.380521471691448e+02 3.194429766420275e-01  7.019556515324028e-01
3.603291355254710e+02 3.522787917923743e-01  7.074772220115545e-01
3.828197690240875e+02 3.694898542005881e-01  6.937204237877762e-01
4.056134132524426e+02 3.671105484119979e-01  6.679412332308573e-01
4.285978807655510e+02 3.517086826788968e-01  6.449790740100151e-01
4.515746843657653e+02 3.317075869011208e-01  6.363225503459654e-01
4.744174861096292e+02 3.143522220434566e-01  6.429483811335780e-01
4.970991528310824e+02 3.061381912123439e-01  6.584027335370336e-01
5.196373435964409e+02 3.114314502523140e-01  6.750180272505512e-01
5.420890396232028e+02 3.272920590162093e-01  6.864206208533662e-01
5.645583929517709e+02 3.441312224216913e-01  6.878435210095830e-01
5.871549096132325e+02 3.528332753123624e-01  6.789309225594222e-01
6.099088997644828e+02 3.509788086502162e-01  6.649239264487293e-01
6.327528435521315e+02 3.417265965261561e-01  6.536437839987447e-01
6.555869707512173e+02 3.301404782632649e-01  6.503180310858976e-01
6.783442304270294e+02 3.211293823932673e-01  6.551492796645835e-01
7.010028702463622e+02 3.185801217796798e-01  6.643289037592701e-01
7.235814877734998e+02 3.233372622887806e-01  6.734458891422572e-01
7.461273938022978e+02 3.326344522091867e-01  6.784513174520921e-01
7.687050049252125e+02 3.409874654248532e-01  6.773658849909204e-01
7.913626836502095e+02 3.443441336087643e-01  6.711821569755440e-01
8.140984420909648e+02 3.419943807654021e-01  6.635305501577843e-01
8.368700451496244e+02 3.360534987108000e-01  6.584446813951960e-01
8.596249295760567e+02 3.296018586307056e-01  6.580553309680551e-01
8.823286879456558e+02 3.255951811578675e-01  6.617069746095015e-01
9.049776474123482e+02 3.256659478906833e-01  6.671714570442198e-01
9.275884669474873e+02 3.294072956165824e-01  6.716983712404414e-01
9.501940457221234e+02 3.346225921185001e-01  6.733347814310878e-01
9.728292957500314e+02 3.384628939237687e-01  6.716257674818382e-01
9.955103278789295e+02 3.392733323760096e-01  6.677908551716193e-01
1.018226300237052e+03 3.372580289598814e-01  6.639013909633211e-01
1.040953790284089e+03 3.337207775401813e-01  6.618445780225026e-01
1.063665138561897e+03 3.304594388714319e-01  6.623335130026277e-01

6.298607758241074e-03 3.499812564467505e-01  5.499907652821125e-01
2.290696908091930e+01 3.215936141912007e-01  5.548165509917233e-01
4.564286711474472e+01 2.895107220368526e-01  5.830058032590458e-01
6.830879672675638e+01 2.558002839610058e-01  6.247464099847626e-01
9.081577482081430e+01 2.455093182961595e-01  6.621688488668798e-01
1.131088846382415e+02 2.691491052279507e-01  6.956062154361902e-01
1.352021137074295e+02 3.192176204416383e-01  7.237056572882947e-01
1.572734992510465e+02 3.693465546562614e-01  7.310890157357998e-01
1.796920424963474e+02 3.911775472951075e-01  7.108234263199373e-01
2.025612226477645e+02 3.849267145204660e-01  6.718021884415949e-01
2.257138530188204e+02 3.624775522699001e-01  6.355430400370607e-01
2.488419163298691e+02 3.349034395807720e-01  6.205255402180464e-01
2.717665665943494e+02 3.096122018245983e-01  6.283894472388936e-01
2.944833388916658e+02 2.937871397019879e-01  6.495965193268245e-01
3.170095244958748e+02 2.962385224651389e-01  6.733314992300220e-01
3.393878540384373e+02 3.169305053655404e-01  6.923017202383229e-01
3.617331344941218e+02 3.435709015229149e-01  6.993334767035447e-01
3.842217131465089e+02 3.605554141983088e-01  6.906459987749687e-01
4.069500601445092e+02 3.616319980844141e-01  6.709239278137168e-01
4.298556404778170e+02 3.505079890498825e-01  6.516487210327626e-01
4.527825988554294e+02 3.342767563609771e-01  6.427295392284994e-01
4.756154692559199e+02 3.194129046074305e-01  6.464189510213137e-01
4.983140843247563e+02 3.118076786413549e-01  6.583888827528207e-01
5.208877387638514e+02 3.150216410963042e-01  6.720975890593008e-01
5.433861863936996e+02 3.270366802145215e-01  6.819395929974736e-01
5.658921499068078e+02 3.406753762530029e-01  6.839502821448296e-01
5.884914794056652e+02 3.486218164481982e-01  6.774989705621639e-01
6.112164028542593e+02 3.481215282872118e-01  6.664066715462038e-01
6.340227839388560e+02 3.410851308306343e-01  6.568618980309134e-01
6.568306171495258e+02 3.315681835083983e-01  6.534797036974366e-01
6.795803245989227e+02 3.239159742299422e-01  6.568257638805565e-01
7.022487038261809e+02 3.214029645716341e-01  6.641628519655072e-01
7.248484984995033e+02 3.249697431417604e-01  6.716628912912593e-01
7.474196419088582e+02 3.322604955608874e-01  6.759552050576283e-01
7.700140875070787e+02 3.390791304229179e-01  6.753766291715675e-01
7.926711175367855e+02 3.420901779547915e-01  6.706303536123461e-01
8.153904896426891e+02 3.405126031472287e-01  6.645309523389713e-01
8.381416235610220e+02 3.358801481843560e-01  6.603053001878525e-01
8.608824476823994e+02 3.306996483883195e-01  6.597024283552601e-01
8.835834274794904e+02 3.273590365783476e-01  6.624309583010199e-01
9.062409992148853e+02 3.271810029944700e-01  6.667363240106184e-01
9.288663525743210e+02 3.299702028342335e-01  6.704299314030223e-01
9.514861194865803e+02 3.340128978640288e-01  6.719335151424286e-01
9.741273055244643e+02 3.371816895713786e-01  6.707368875740021e-01
9.968042481068383e+02 3.380323336327843e-01  6.678161246889200e-01
1.019509372755155e+03 3.366469244093895e-01  6.647410932397263e-01
1.042223852635969e+03 3.339727493132238e-01  6.629574137888850e-01
1.064929585166838e+03 3.313117266654163e-01  6.631049102227635e-01

6.298607758237524e-03 1.499999678756724e-01  6.500012730327808e-01
2.233040775162613e+01 1.644242297705797e-01  6.613005242765003e-01
4.458630902121825e+01 1.888351004857124e-01  6.782229865611177e-01
6.672567831259649e+01 2.307939549905294e-01  7.055160682907307e-01
8.866639099569808e+01 2.996445001892593e-01  7.422160906921250e-01
1.104520067445490e+02 3.761331118623146e-01  7.625562182827708e-01
1.326065862578216e+02 4.147188254258610e-01  7.501390761264544e-01
1.553266921823289e+02 4.147914028473108e-01  7.082004260309362e-01
1.785036847924847e+02 3.919129766603058e-01  6.521670757693379e-01
2.018702901998443e+02 3.589814953611788e-01  6.123302672014739e-01
2.250263182107570e+02 3.262301277713575e-01  6.034826618921963e-01
2.479127218648824e+02 2.967743595750861e-01  6.206935755315561e-01
2.705829768617292e+02 2.789326834404413e-01  6.495996745920845e-01
2.930440058929281e+02 2.851018193551710e-01  6.784867912426615e-01
3.153316874745117e+02 3.141909413170830e-01  7.015586577992077e-01
3.375779765331869e+02 3.495696051056303e-01  7.098924369997821e-01
3.600194359057433e+02 3.702279961200098e-01  6.980684152656675e-01
3.827794815206064e+02 3.699883054668999e-01  6.720044881011012e-01
4.057648171117474e+02 3.551686824967709e-01  6.466963744333764e-01
4.287654771376825e+02 3.346837329652013e-01  6.353305012959947e-01
4.516358672863182e+02 3.159475679401770e-01  6.402069721622022e-01
4.743430992217915e+02 3.055199562173607e-01  6.553640869436562e-01
4.968977079244310e+02 3.087193820697742e-01  6.728530706458045e-01
5.193490569119851e+02 3.240558857639050e-01  6.859301510029752e-01
5.417986621987401e+02 3.422033971431953e-01  6.893222203990630e-01
5.643651951614389e+02 3.530168335933874e-01  6.815836913507424e-01
5.870979850799445e+02 3.526941788085242e-01  6.672724148550011e-01
6.099410659894486e+02 3.439687002795838e-01  6.544983005764372e-01
6.327907422936012e+02 3.319176273777034e-01  6.495775540151106e-01
6.555655600188885e+02 3.218468955878173e-01  6.534449138414318e-01
6.782397128676845e+02 3.179240045594356e-01  6.625760531075076e-01
7.008260146107792e+02 3.217824832942654e-01  6.722815088436589e-01
7.233699944712723e+02 3.309245434215020e-01  6.783094260273663e-01
7.459356893905228e+02 3.399774925290585e-01  6.783392263183821e-01
7.685765655097056e+02 3.445123398489305e-01  6.727066211965158e-01
7.913017520727367e+02 3.430491919856068e-01  6.647591834852379e-01
8.140740409971652e+02 3.373797763764937e-01  6.588262336459770e-01
8.368376995145244e+02 3.305832621780727e-01  6.575073816505563e-01
8.595534196739767e+02 3.258257274764810e-01  6.607252023505852e-01
8.822109232194197e+02 3.251068406866394e-01  6.662487367876758e-01
9.048241525726881e+02 3.284804550405800e-01  6.713013421333021e-01
9.274250579702961e+02 3.338752115196537e-01  6.736084625417360e-01
9.500508672894744e+02 3.383101865712266e-01  6.723507279362098e-01
9.727241410066517e+02 3.397231604235459e-01  6.685118626973455e-01
9.954383796753601e+02 3.379444139140050e-01  6.642356822689204e-01
1.018169560359979e+03 3.343018780333794e-01  6.617327385411736e-01
1.040886658242611e+03 3.307044601057839e-01  6.618804304119171e-01
1.063573316654711e+03 3.287482320001578e-01  6.641854669175842e-01

6.298607758235075e-03 2.499999575855688e-01  6.500000139029902e-01
2.238296901781598e+01 2.616538017681568e-01  6.840320987985643e-01
4.455020817953515e+01 3.030962379281707e-01  7.143183735990578e-01
6.661529034018857e+01 3.547894705809984e-01  7.289503925769525e-01
8.891496524714357e+01 3.854678467145786e-01  7.170206172369314e-01
1.116542929338000e+02 3.867741110076015e-01  6.829919182471204e-01
1.347359357969490e+02 3.685543013055795e-01  6.450556407006661e-01
1.578820783561468e+02 3.423071593413120e-01  6.239015199319892e-01
1.808604812544061e+02 3.165008901504009e-01  6.258213395192594e-01
2.036320161399805e+02 2.977554534408088e-01  6.440058038134066e-01
2.262089611254414e+02 2.950165825000859e-01  6.671415429497078e-01
2.486273591591952e+02 3.109916180809080e-01  6.874000876178957e-01
2.709764580433171e+02 3.367561431894471e-01  6.978002183789584e-01
2.934205854221035e+02 3.566584968240377e-01  6.931797325285814e-01
3.160878991866307e+02 3.616171373908015e-01  6.760328033180030e-01
3.389521139117795e+02 3.533825132790684e-01  6.562111434149667e-01
3.618791390808720e+02 3.382589601834148e-01  6.445553996295629e-01
3.847361588496610e+02 3.229701666365604e-01  6.452982094116071e-01
4.074669570443442e+02 3.134215563746308e-01  6.554527917157673e-01
4.300708484198614e+02 3.138978922264811e-01  6.688898620934721e-01
4.525856106669099e+02 3.239628468427824e-01  6.798143840620376e-01
4.750860202419121e+02 3.375731730183463e-01  6.838046937413745e-01
4.976602489871628e+02 3.470664241696017e-01  6.792938843266518e-01
5.203565857559674e+02 3.485110618958921e-01  6.690469305205548e-01
5.431475515738611e+02 3.428223055139009e-01  6.589085584720226e-01
5.659579673799304e+02 3.337375981698866e-01  6.540681211392593e-01
5.887217641147849e+02 3.255731534382344e-01  6.559673074827487e-01
6.114078166703787e+02 3.218289797718000e-01  6.625062604095883e-01
6.340231823184644e+02 3.240351853659413e-01  6.700563381464932e-01
6.565995537058044e+02 3.305669266579185e-01  6.751466779570929e-01
6.791869340111061e+02 3.376515080607702e-01  6.756800615720491e-01
7.018292919989309e+02 3.415827152420176e-01  6.717762013330142e-01
7.245353881641557e+02 3.409741919968048e-01  6.658273017872270e-01
7.472815137709919e+02 3.369309216193581e-01  6.611138661118771e-01
7.700254263809182e+02 3.317943736927695e-01  6.596953289491047e-01
7.927355656216132e+02 3.279750772010437e-01  6.617087360670599e-01
8.154030350859914e+02 3.270428132310669e-01  6.657675166826841e-01
8.380344099160023e+02 3.292525369789870e-01  6.696466373940956e-01
8.606544812924081e+02 3.330898865662438e-01  6.716690176292348e-01
8.832896944910447e+02 3.365342833377081e-01  6.711402054501734e-01
9.059579053328542e+02 3.379636594156018e-01  6.685744637161581e-01
9.286568194947614e+02 3.370342477097946e-01  6.654723008459266e-01
9.513705426335587e+02 3.346134415634215e-01  6.633561536608635e-01
9.740789093658352e+02 3.319574762150861e-01  6.631134527719598e-01
9.967649118676844e+02 3.303368458808321e-01  6.644778821133042e-01
1.019430561074027e+03 3.302533951761739e-01  6.665935409271013e-01
1.042081140594563e+03 3.315608694367593e-01  6.684887892917559e-01
1.064727227672116e+03 3.335744893860124e-01  6.692755861944469e-01

6.298607757951889e-03 3.499999998750464e-01  6.499999997176820e-01
2.293818445779068e+01 3.331447076881125e-01  6.417091254795697e-01
4.576693404491911e+01 3.181466563824040e-01  6.463312562247028e-01
6.845616899062233e+01 3.109248572906054e-01  6.590124405707568e-01
9.102057573054549e+01 3.149086444937721e-01  6.730914873521684e-01
1.135102043741689e+02 3.277370595847839e-01  6.828346986335976e-01
1.360140694158861e+02 3.416632920308465e-01  6.843506405655643e-01
1.586190861144392e+02 3.493286659016160e-01  6.772534130386009e-01
1.813527322498830e+02 3.483114132614198e-01  6.657391789870396e-01
2.041651147457135e+02 3.408077867751305e-01  6.561511474545264e-01
2.269751151866344e+02 3.309991958797860e-01  6.530337867621802e-01
2.497229676850338e+02 3.232908666779165e-01  6.568347116031341e-01
2.723863119770558e+02 3.210401616396789e-01  6.645756171488441e-01
2.949805358730647e+02 3.250155179787632e-01  6.722011677966283e-01
3.175484814870405e+02 3.326476967964013e-01  6.763960559936418e-01
3.401426012515680e+02 3.395797108180173e-01  6.755369063959139e-01
3.628027015392638e+02 3.424458336139509e-01  6.704522886626291e-01
3.855264998820726e+02 3.405841641312791e-01  6.641300842112524e-01
4.082812376318307e+02 3.356398229994295e-01  6.599571674026835e-01
4.310219108894794e+02 3.303476819335903e-01  6.595517379071107e-01
4.537215260577165e+02 3.270182322854480e-01  6.625485619221088e-01
4.763756263748151e+02 3.270503082575649e-01  6.670420164687259e-01
4.989978110219318e+02 3.300972975946054e-01  6.707727544617276e-01
5.216159707565613e+02 3.342991719028426e-01  6.721921741275263e-01
5.442575580763073e+02 3.375336844826901e-01  6.708634489712266e-01
5.669355749736933e+02 3.383278264643393e-01  6.677047052942783e-01
5.896437752410213e+02 3.366983603314545e-01  6.645009407855403e-01
6.123610891826856e+02 3.338178044203766e-01  6.626920863468805e-01
6.350674866120937e+02 3.310509761374432e-01  6.629789133595567e-01
6.577493087891850e+02 3.296406571047724e-01  6.647950225768668e-01
6.804079875759056e+02 3.300522180181301e-01  6.672857456440989e-01
7.030519834416281e+02 3.319112348016734e-01  6.691772859533481e-01
7.256968936762260e+02 3.341962892703762e-01  6.696738389227908e-01
7.483567526988785e+02 3.357686607187303e-01  6.687687002952467e-01
7.710355343399617e+02 3.360260954523762e-01  6.670048713616586e-01
7.937295239814572e+02 3.350525864810084e-01  6.653002563084794e-01
8.164277409284396e+02 3.334261171611957e-01  6.644698218120804e-01
8.391182958698375e+02 3.319800575216283e-01  6.646999064610482e-01
8.617959639213053e+02 3.313183394746628e-01  6.658020989062353e-01
8.844599927571973e+02 3.316374469537485e-01  6.671410776151462e-01
9.071177136345913e+02 3.327004681325343e-01  6.680692609119221e-01
9.297772550843093e+02 3.338908444649003e-01  6.683007166188016e-01
9.524440880440586e+02 3.347130616264886e-01  6.677796145483065e-01
9.751213043902128e+02 3.348168035766981e-01  6.668169956514844e-01
9.978065980054217e+02 3.342521627081156e-01  6.659384931319865e-01
1.020492805283542e+03 3.334273319898122e-01  6.654832387874892e-01
1.043175950923621e+03 3.326584761968203e-01  6.656088564802111e-01
1.065852036098303e+03 3.322778061377706e-01  6.661472175108784e-01

6.298607757799919e-03 4.500000390937378e-01  6.500000197191483e-01
2.405146471256371e+01 3.963477925449256e-01  5.689226085577291e-01
4.747472387669267e+01 3.617952669208345e-01  5.360746909144122e-01
7.036049773083582e+01 3.387952474372238e-01  5.324984245277686e-01
9.305261565201172e+01 3.151827135727542e-01  5.476857250523812e-01
1.157110498057604e+02 2.834599808467778e-01  5.816619783028254e-01
1.383500959279056e+02 2.491417790909163e-01  6.258642436718733e-01
1.608381819459727e+02 2.402821971213129e-01  6.633062401198215e-01
1.831154171913191e+02 2.657065463753803e-01  6.969768284042664e-01
2.051876440172529e+02 3.181756243866685e-01  7.261954261779923e-01
2.272281037072760e+02 3.709205913931616e-01  7.344803427001498e-01
2.496270745277252e+02 3.939006358865366e-01  7.141818216460593e-01
2.724932051399866e+02 3.877347248655290e-01  6.738635473543968e-01
2.956626484674198e+02 3.647789118196353e-01  6.354765964488267e-01
3.188131914939049e+02 3.364620833574391e-01  6.186825403892473e-01
3.417560277105889e+02 3.101254462573889e-01  6.258402135694257e-01
3.644851709535328e+02 2.928004668121031e-01  6.473549206269644e-01
3.870192513816889e+02 2.938399023840182e-01  6.718598289226588e-01
4.093965265469697e+02 3.141831872257126e-01  6.920552642157815e-01
4.317264040603351e+02 3.420177987434114e-01  7.005604686256283e-01
4.541899827299265e+02 3.607876674908992e-01  6.928315041981242e-01
4.769011764096193e+02 3.630863488541896e-01  6.729376451281310e-01
4.998062528560069e+02 3.523076813012974e-01  6.524219310439431e-01
5.227456260424494e+02 3.357330622261850e-01  6.421016477169240e-01
5.455939550390329e+02 3.200322281641558e-01  6.449889755665267e-01
5.683048993433299e+02 3.112871590399315e-01  6.569353575687179e-01
5.908845545970489e+02 3.136238429248375e-01  6.711971872374531e-01
6.133804716069726e+02 3.255730897329224e-01  6.819180237527479e-01
6.358755562906244e+02 3.399289089302921e-01  6.847740286605939e-01
6.584616290100407e+02 3.488489966129253e-01  6.787240703725839e-01
6.811786842771844e+02 3.490087397834297e-01  6.673742572105391e-01
7.039859776068632e+02 3.421270801740922e-01  6.571227578243095e-01
7.268013668725049e+02 3.323273617827656e-01  6.530162200975326e-01
7.495600542695959e+02 3.241206737707384e-01  6.559735356314534e-01
7.722350185383659e+02 3.209693697032051e-01  6.633416261710712e-01
7.948381400475544e+02 3.241199116454371e-01  6.712414364393940e-01
8.174062091274635e+02 3.314913378568375e-01  6.760867917410598e-01
8.399935130505241e+02 3.387773399101638e-01  6.759618865882087e-01
8.626433480948035e+02 3.423329845677740e-01  6.713356626973553e-01
8.853594496258181e+02 3.410850787058232e-01  6.649687597981218e-01
9.081124993459218e+02 3.364588738222854e-01  6.603024176662858e-01
9.308582567541110e+02 3.310177389404203e-01  6.593145765910238e-01
9.535648661716720e+02 3.272786954659253e-01  6.619343570052728e-01
9.762249159308717e+02 3.268052963603719e-01  6.663684648552057e-01
9.988500433268389e+02 3.294907536333695e-01  6.703458033169641e-01
1.021466698874706e+03 3.337010720067444e-01  6.721412756172476e-01
1.044103548507686e+03 3.371899578987001e-01  6.711661058441838e-01
1.066776517645159e+03 3.383365078634448e-01  6.681679559161303e-01

6.298607757787637e-03 4.999815578564096e-02  7.499748735697616e-01
2.154074170983107e+01 7.903633795089521e-02  6.960553007467577e-01
4.354147193300410e+01 1.093773265548948e-01  6.643337110977828e-01
6.577830503773335e+01 1.308575642404176e-01  6.548930716407194e-01
8.807479136734571e+01 1.481357013873007e-01  6.572461809787279e-01
1.103565060055535e+02 1.682120470170973e-01  6.672871498906967e-01
1.325717823999783e+02 1.982732463015687e-01  6.860318608332742e-01
1.546525804627498e+02 2.486035186287119e-01  7.171515503605331e-01
1.765143514555507e+02 3.251580316647314e-01  7.525743037408180e-01
1.983418501528044e+02 3.938694542841971e-01  7.632769159668562e-01
2.206766571901047e+02 4.189596861907475e-01  7.410626336558428e-01
2.435491685416860e+02 4.103817350759047e-01  6.921487928368716e-01
2.668292178089979e+02 3.830483434824709e-01  6.374050213025882e-01
2.901676983747650e+02 3.493065577787917e-01  6.061012227174020e-01
3.132389643410211e+02 3.172490280986804e-01  6.058568599117812e-01
3.360596043970788e+02 2.896904687782900e-01  6.281680232736798e-01
3.586698028380898e+02 2.776227700107083e-01  6.579237621193574e-01
3.810751748341326e+02 2.911301622259914e-01  6.858563550116360e-01
4.033311220101011e+02 3.243687293155800e-01  7.058568081181837e-01
4.256058786266775e+02 3.574621393048207e-01  7.087139490267625e-01
4.481340358755998e+02 3.721862939317820e-01  6.917985792471855e-01
4.709745263234149e+02 3.670512728408407e-01  6.641578803602269e-01
4.939858172434240e+02 3.497932714442368e-01  6.417031730643845e-01
5.169608927467478e+02 3.290415070498897e-01  6.349454420111327e-01
5.397886871131416e+02 3.117726331984630e-01  6.436128582393900e-01
5.624500396564009e+02 3.047469759618931e-01  6.602620565057415e-01
5.849687026736613e+02 3.118991419639405e-01  6.772047182968277e-01
6.074068384787130e+02 3.291711219961171e-01  6.881253594992689e-01
6.298762464688936e+02 3.462591526055183e-01  6.883125444475043e-01
6.524885371724024e+02 3.540616230696694e-01  6.779773899897308e-01
6.752620889352310e+02 3.509537024434516e-01  6.632623476034806e-01
6.981173239979420e+02 3.407695236744192e-01  6.522035928563119e-01
7.209523071982328e+02 3.287449053597429e-01  6.497802764078198e-01
7.437016944074264e+02 3.199231409424036e-01  6.554899428439893e-01
7.663500888142484e+02 3.180347698750317e-01  6.653526303538282e-01
7.889175278465382e+02 3.237924380873476e-01  6.745673435388229e-01
8.114585691992465e+02 3.336778024059193e-01  6.791633842562627e-01
8.340388941071349e+02 3.419952252526809e-01  6.773413150681675e-01
8.567056755780949e+02 3.448067464652194e-01  6.704950780679333e-01
8.794514351133377e+02 3.417860679410247e-01  6.625632134962923e-01
9.022276715998470e+02 3.353528787376392e-01  6.578077007358721e-01
9.249809808378041e+02 3.288023988044138e-01  6.579769716194014e-01
9.476787979319265e+02 3.250817651513652e-01  6.621892783606506e-01
9.703205914832413e+02 3.256798377172861e-01  6.678933028571225e-01
9.929259928119504e+02 3.299294777333448e-01  6.723147518327980e-01
1.015530903750164e+03 3.353389827530672e-01  6.736093178476176e-01
1.038170050966297e+03 3.390223684934381e-01  6.714393690782445e-01
1.060856834992564e+03 3.394585313189440e-01  6.672743666516815e-01

6.298607757756488e-03 1.499999283993023e-01  7.499999161918889e-01
2.153941071247802e+01 2.487044553558947e-01  7.772285923339661e-01
4.286576773129814e+01 3.765746005735183e-01  8.223774430279210e-01
6.443239057002370e+01 4.542199985349371e-01  8.371481197732950e-01
8.667981364948422e+01 4.774262382224811e-01  8.306485336867336e-01
1.092352507876602e+02 4.778495904910633e-01  8.099289633644036e-01
1.320043366561412e+02 4.650107688472201e-01  7.720814335415821e-01
1.550577404393166e+02 4.391425869598254e-01  7.106219095688827e-01
1.785033947673543e+02 4.024247367284394e-01  6.378139607395512e-01
2.020612820589243e+02 3.625608824526541e-01  5.913452549688989e-01
2.252454628807127e+02 3.275599419524792e-01  5.821845813298339e-01
2.481250979930207e+02 2.943610325058665e-01  6.022966421014743e-01
2.708188617142034e+02 2.673908721838055e-01  6.368945405951368e-01
2.933063154228980e+02 2.653770459633502e-01  6.706453764951605e-01
3.155844954206377e+02 2.933151146749511e-01  7.005406992115251e-01
3.377254544168183e+02 3.382628344397473e-01  7.191848308004758e-01
3.599786635948860e+02 3.729416356946770e-01  7.152594302510340e-01
3.825987195736761e+02 3.817286808867069e-01  6.891805590627936e-01
4.055675387372428e+02 3.694914188210953e-01  6.549229710482530e-01
4.286665854047638e+02 3.468773781953557e-01  6.317903032403835e-01
4.516580759449228e+02 3.228218087263607e-01  6.289900947375341e-01
4.744629480927659e+02 3.041493512729005e-01  6.427375563870376e-01
4.970828414617774e+02 2.987239738295653e-01  6.633676793645781e-01
5.195469803613587e+02 3.103515065930343e-01  6.825829792629907e-01
5.419323685816224e+02 3.325858495806702e-01  6.936924115100452e-01
5.643797118589118e+02 3.518489167134967e-01  6.917162769806304e-01
5.870138175336900e+02 3.587037432788781e-01  6.777211084419155e-01
6.098358019984574e+02 3.529574928273734e-01  6.597816646997368e-01
6.327353646821728e+02 3.398836049852509e-01  6.478785038815401e-01
6.555877583910959e+02 3.257856587027769e-01  6.469179413145180e-01
6.783306795174037e+02 3.162950694739441e-01  6.549939640189048e-01
7.009566574908930e+02 3.154096177949490e-01  6.669680240652852e-01
7.234956590201617e+02 3.234138355633460e-01  6.773695761698160e-01
7.460117218741868e+02 3.354765620679441e-01  6.819306845531240e-01
7.685840593040621e+02 3.447871947210727e-01  6.788251618354818e-01
7.912625623162826e+02 3.471561306157038e-01  6.701007018122466e-01
8.140328330168919e+02 3.427523691977700e-01  6.607505390569742e-01
8.368299834813935e+02 3.348217382849000e-01  6.556314381981100e-01
8.595928792943827e+02 3.271602978176675e-01  6.565475497213044e-01
8.822873292364010e+02 3.231724442749196e-01  6.620249700503045e-01
9.049158780856337e+02 3.244859300393894e-01  6.688539596421369e-01
9.275044777596686e+02 3.299513838793399e-01  6.738482770618437e-01
9.500971972833568e+02 3.364186701807670e-01  6.749352418733635e-01
9.727350175473770e+02 3.404720824641638e-01  6.719685789705705e-01
9.954296813827801e+02 3.405352616844008e-01  6.667580136206638e-01
1.018165143680315e+03 3.372326329760332e-01  6.622177690394112e-01
1.040904321985808e+03 3.326418076527263e-01  6.604902328708255e-01
1.063616024865102e+03 3.289819467465445e-01  6.618681072846103e-01

6.298607757879050e-03 2.499743286280190e-01  7.499816897117442e-01
2.157646481577306e+01 3.557237123956510e-01  7.901854045751521e-01
4.326171267222616e+01 4.293116000747509e-01  8.002630852265826e-01
6.559748136311258e+01 4.502718856349749e-01  7.810274642442413e-01
8.838376239150202e+01 4.414649711018177e-01  7.358215733551047e-01
1.115830752599316e+02 4.139287350998447e-01  6.691569371134229e-01
1.350990668356654e+02 3.766661186558375e-01  6.115426226853773e-01
1.584334312001104e+02 3.401809480930010e-01  5.885117237568134e-01
1.814194983284808e+02 3.069635343735260e-01  5.980389864297136e-01
2.041822477991600e+02 2.776629470888845e-01  6.279093424025947e-01
2.267432256797055e+02 2.672918440518015e-01  6.612886456805037e-01
2.490923812567424e+02 2.861970535028585e-01  6.915790386545517e-01
2.712792555805250e+02 3.263459542895802e-01  7.134799214792616e-01
2.934972036580824e+02 3.641480158200122e-01  7.157359781004168e-01
3.160218132584965e+02 3.792042833285961e-01  6.954605906830040e-01
3.389043583399419e+02 3.719465649782115e-01  6.630680805676623e-01
3.619767315653406e+02 3.518130570232041e-01  6.371476096964030e-01
3.849918703043630e+02 3.284282607826844e-01  6.297594278245531e-01
4.078351103123665e+02 3.087311875688542e-01  6.399456445925086e-01
4.304959940974227e+02 3.002135554132478e-01  6.590099430162095e-01
4.529964219057585e+02 3.079820433626566e-01  6.782112969010249e-01
4.754028144956998e+02 3.277755618631298e-01  6.910433190552763e-01
4.978362485452199e+02 3.477758464106740e-01  6.919231890844886e-01
5.204296626349686e+02 3.571546869997127e-01  6.804805323648325e-01
5.432128084671376e+02 3.539121168022188e-01  6.633936693197567e-01
5.660964625671925e+02 3.424008389980495e-01  6.502832308598995e-01
5.889576317486946e+02 3.286685316934395e-01  6.471438733161285e-01
6.117208497315919e+02 3.183187668696160e-01  6.534266661195001e-01
6.343708529210998e+02 3.156194579747275e-01  6.645967135586943e-01
6.569274231282644e+02 3.218654618435420e-01  6.752393326334762e-01
6.794486285411782e+02 3.331570153686206e-01  6.808585769652661e-01
7.020108343320815e+02 3.428979662686474e-01  6.792209367145282e-01
7.246702641348345e+02 3.464614505248619e-01  6.717063995133853e-01
7.474218513844661e+02 3.433635400517916e-01  6.626134290091232e-01
7.702121903252639e+02 3.362469594787922e-01  6.568079851993464e-01
7.929795016008301e+02 3.287176588616028e-01  6.565775868274479e-01
8.156856767541956e+02 3.241445137859724e-01  6.610987857150802e-01
8.383279136050771e+02 3.244190598975609e-01  6.675149711561209e-01
8.609257546402935e+02 3.289972439835773e-01  6.727394484800999e-01
8.835194120558907e+02 3.351560583061720e-01  6.745339217227596e-01
9.061496851005336e+02 3.395657796694346e-01  6.723904369668743e-01
9.288331907337556e+02 3.403814307707169e-01  6.677385746020951e-01
9.515591543220069e+02 3.377950354583143e-01  6.631459229329453e-01
9.742967133692325e+02 3.335262707536391e-01  6.608326983689238e-01
9.970136606275150e+02 3.296938369616426e-01  6.616039789455956e-01
1.019694196180680e+03 3.279928521890745e-01  6.646122547070066e-01
1.042341269882850e+03 3.290039561093322e-01  6.681146743842474e-01
1.064970727531617e+03 3.319068289350032e-01  6.705130650547450e-01

6.298607757858462e-03 3.499999872474409e-01  7.499999857589741e-01
2.204736277075012e+01 3.993871258879494e-01  7.469404481287829e-01
4.462297570728534e+01 4.092785213319829e-01  7.134093475133488e-01
6.768009030653992e+01 3.924730635318855e-01  6.622789340142251e-01
9.098893680109757e+01 3.626423804390743e-01  6.211145665027068e-01
1.141644293083769e+02 3.308721985743204e-01  6.081167303448645e-01
1.370814093816172e+02 3.021766248975453e-01  6.211999313524970e-01
1.597782291573421e+02 2.838095280955282e-01  6.477022759840387e-01
1.822679918363515e+02 2.874069572298618e-01  6.753701919854104e-01
2.045900415425613e+02 3.129652746621073e-01  6.978160089358170e-01
2.268622839755467e+02 3.460305754098554e-01  7.067867993347491e-01
2.493018210610902e+02 3.667458340035626e-01  6.969416101652410e-01
2.720359224906363e+02 3.679623729456005e-01  6.731283009704641e-01
2.949905761927585e+02 3.547675292927616e-01  6.491326118661265e-01
3.179739521894440e+02 3.355551945317182e-01  6.376635765671381e-01
3.408410765416203e+02 3.176984701490201e-01  6.414884236050029e-01
3.635539101027865e+02 3.075173703035629e-01  6.554851954049128e-01
3.861196692163076e+02 3.101092991927977e-01  6.719645458603583e-01
4.085866279182949e+02 3.241930166662174e-01  6.845210700572195e-01
4.310472379863469e+02 3.412689508061717e-01  6.879187579385793e-01
4.536178357561470e+02 3.516319930346140e-01  6.808258836562989e-01
4.763437691103528e+02 3.516330573620029e-01  6.674759001196410e-01
4.991752561457578e+02 3.435466576647179e-01  6.554108562840381e-01
5.220145510404413e+02 3.321569756858838e-01  6.506694299507458e-01
5.447859594876081e+02 3.225450364611379e-01  6.542254806092214e-01
5.674602770151398e+02 3.188540641141917e-01  6.628163215882401e-01
5.900513079623465e+02 3.225137151563575e-01  6.719709555854589e-01
6.126025679123265e+02 3.311279177174486e-01  6.776426032892899e-01
6.351745941142179e+02 3.396822282276203e-01  6.775662173424088e-01
6.578193353528897e+02 3.438413708141718e-01  6.721878870645785e-01
6.805427564996146e+02 3.423054142639004e-01  6.648306208965558e-01
7.033077914950472e+02 3.370256461998090e-01  6.593791154916986e-01
7.260647241482289e+02 3.307277249083290e-01  6.582102837254832e-01
7.487764344554721e+02 3.263647999078901e-01  6.612125629027400e-01
7.714346516697477e+02 3.257834813100581e-01  6.663052976632871e-01
7.940525283898178e+02 3.288856448656929e-01  6.709017243304694e-01
8.166602594533364e+02 3.337535671953226e-01  6.729814501094187e-01
8.392910398289487e+02 3.377978854756135e-01  6.718885732201585e-01
8.619632961815889e+02 3.391367656090230e-01  6.684306090856158e-01
8.846733553546359e+02 3.375825983908157e-01  6.645615894004261e-01
9.073986286259301e+02 3.343246390422715e-01  6.622428865655372e-01
9.301122300602833e+02 3.310520879192770e-01  6.622864982575981e-01
9.527988587148654e+02 3.292114570578374e-01  6.643231745391689e-01
9.754575856668997e+02 3.294971934351913e-01  6.671623982588141e-01
9.980977727615776e+02 3.315272702077535e-01  6.694088042100864e-01
1.020737868318594e+03 3.341495319307682e-01  6.701255706518942e-01
1.043393916575557e+03 3.360283012419454e-01  6.691571310926683e-01
1.066072942149388e+03 3.363950439782166e-01  6.671815425858060e-01

6.298607757455383e-03 4.500211211758398e-01  7.500651928449387e-01
2.314482783972010e+01 4.234578364587621e-01  6.844027492584331e-01
4.665319170564113e+01 3.863146670788752e-01  6.197296849176959e-01
7.008028518237585e+01 3.485122752375148e-01  5.879751089368683e-01
9.313453333647001e+01 3.146641404951564e-01  5.908611523298283e-01
1.159404534609392e+02 2.830383519376003e-01  6.180531697581669e-01
1.385546230738778e+02 2.654409476938591e-01  6.523396176420881e-01
1.609545999188526e+02 2.767465509264559e-01  6.840828856423911e-01
1.831664570009828e+02 3.137165751895705e-01  7.098175901526479e-01
2.053336886810136e+02 3.560119921639571e-01  7.187144112514090e-01
2.277478706013022e+02 3.786024345597109e-01  7.040482627547282e-01
2.505422297046099e+02 3.766869314935566e-01  6.727096019159088e-01
2.735933717370624e+02 3.588839058029815e-01  6.424988439508498e-01
2.966524785425826e+02 3.352214258683605e-01  6.290204802575013e-01
3.195539621160389e+02 3.133001652142816e-01  6.348911266968047e-01
3.422685764451446e+02 3.003865348482376e-01  6.526649036632688e-01
3.648110768421510e+02 3.032247823761043e-01  6.730344976550382e-01
3.872287371953481e+02 3.209263840765639e-01  6.887314529021776e-01
4.096329958811542e+02 3.427657893094940e-01  6.936786455318774e-01
4.321666213873910e+02 3.562186728106705e-01  6.854330266182820e-01
4.548976752145514e+02 3.565406254077143e-01  6.687888800040809e-01
4.777662623695766e+02 3.468168175039018e-01  6.532284783823723e-01
5.006499718464788e+02 3.329081580554134e-01  6.466345258741095e-01
5.234498145751460e+02 3.207440658058393e-01  6.504662222579028e-01
5.461339938196867e+02 3.152968308827922e-01  6.608232775108112e-01
5.687143971984385e+02 3.189403917717844e-01  6.722185834549763e-01
5.912383319928941e+02 3.293268271745757e-01  6.798824289577545e-01
6.137789886269933e+02 3.403093347436964e-01  6.806952536858847e-01
6.364034517170149e+02 3.462160947895253e-01  6.747351194568928e-01
6.591282406966707e+02 3.451971142601244e-01  6.654134464568376e-01
6.819152580473085e+02 3.389295902308763e-01  6.579947865118198e-01
7.046974344220932e+02 3.309787203867118e-01  6.558072438701361e-01
7.274277512663344e+02 3.249803031317957e-01  6.590992823404412e-01
7.500892021438028e+02 3.235782523370573e-01  6.653788991936447e-01
7.726973010648919e+02 3.270542835692067e-01  6.714494193961018e-01
7.952859297239032e+02 3.332112071221617e-01  6.744797397941364e-01
8.179001400083916e+02 3.385314691205807e-01  6.734978716561655e-01
8.405673171556172e+02 3.405865705155191e-01  6.693683786642789e-01
8.632823617357955e+02 3.389500889950169e-01  6.644259974285811e-01
8.860208488603956e+02 3.349555941456803e-01  6.612176574511395e-01
9.087478471102402e+02 3.307286208645527e-01  6.610377203543724e-01
9.314405438746069e+02 3.282143206487215e-01  6.634832965874385e-01
9.540973788935364e+02 3.283690024307985e-01  6.670704208985333e-01
9.767295717939197e+02 3.308286313562760e-01  6.700253301193607e-01
9.993592495807187e+02 3.341977673747021e-01  6.710863568776597e-01
1.022008417312290e+03 3.367047241255328e-01  6.699973087979207e-01
1.044685941331057e+03 3.373270377033583e-01  6.674721619471812e-01
1.067387549290800e+03 3.360046499315000e-01  6.649200459761345e-01

6.298607756969715e-03 5.503850227813388e-01  7.511620707016581e-01
2.385870063200930e+01 4.633354717938132e-01  6.247742202008748e-01
4.810064891812068e+01 4.067505207082535e-01  5.410372692352947e-01
7.141026972089914e+01 3.798373805249586e-01  5.081237005459804e-01
9.416176607381948e+01 3.685997412947725e-01  4.980104692382299e-01
1.167200752520632e+02 3.624045829355632e-01  4.964339818702443e-01
1.392187322580331e+02 3.569519393823020e-01  4.986775413520554e-01
1.617057416295675e+02 3.502410694567983e-01  5.037176836089643e-01
1.842024257497214e+02 3.406375197047022e-01  5.123330674514153e-01
2.067263120491315e+02 3.258068862524521e-01  5.271678723398993e-01
2.292966519382880e+02 3.021083245892184e-01  5.536146937433092e-01
2.519222796257332e+02 2.673539217152331e-01  5.960375314283628e-01
2.745153460210152e+02 2.382470480480678e-01  6.395888820118016e-01
2.969266576728147e+02 2.417734717972793e-01  6.748249634206116e-01
3.191252683150431e+02 2.782644437039751e-01  7.082861867962750e-01
3.411387552666693e+02 3.365027201488149e-01  7.335163348786931e-01
3.632359856276232e+02 3.830913645070665e-01  7.333026392187264e-01
3.857772211354604e+02 3.963495067818730e-01  7.049822369515982e-01
4.087657359837546e+02 3.835493430765460e-01  6.614566150467586e-01
4.319784550945702e+02 3.574093491106344e-01  6.271200019658847e-01
4.550858914731051e+02 3.286820726855656e-01  6.172368468381318e-01
4.779699163337108e+02 3.034379562827489e-01  6.298915301695215e-01
5.006447313997939e+02 2.898195042728349e-01  6.537106423248465e-01
5.231271373217605e+02 2.965653960861266e-01  6.782029638801846e-01
5.454707133790267e+02 3.211226179748644e-01  6.964661677293607e-01
5.678077566135281e+02 3.488194509900548e-01  7.009965660968973e-01
5.903282571176709e+02 3.637414438495890e-01  6.890128873574799e-01
6.131046348767140e+02 3.619241164921918e-01  6.671630540095987e-01
6.360416968251849e+02 3.486445969652192e-01  6.480456526557193e-01
6.589720019300939e+02 3.312969629243624e-01  6.410239796574525e-01
6.817891543424851e+02 3.165669225521056e-01  6.469405274665758e-01
7.044642883155861e+02 3.102537121424115e-01  6.603731709877070e-01
7.270152975880658e+02 3.154922569571229e-01  6.745829305736644e-01
7.494968224776876e+02 3.292106315540458e-01  6.838500017241425e-01
7.720036038431756e+02 3.431237412201795e-01  6.843019271562474e-01
7.946225317828487e+02 3.499409470144081e-01  6.762594675417076e-01
8.173705725600109e+02 3.479618707640865e-01  6.644295767876356e-01
8.401893446476022e+02 3.398469940787584e-01  6.552600555502693e-01
8.629966149745298e+02 3.299170849094133e-01  6.529361739191906e-01
8.857362989776692e+02 3.225186154090984e-01  6.574182525312863e-01
9.083910260076278e+02 3.209257032008641e-01  6.654916868037991e-01
9.309780409479805e+02 3.256207229066237e-01  6.730475254701543e-01
9.535438548067102e+02 3.335881245746983e-01  6.767816121558411e-01
9.761423666923171e+02 3.403235758116243e-01  6.753066655289226e-01
9.988108321484826e+02 3.426565676683208e-01  6.697708833545027e-01
1.021541889252203e+03 3.402586045765453e-01  6.634153108458613e-01
1.044298866351676e+03 3.350460803720430e-01  6.595229805135412e-01
1.067037937541078e+03 3.297078521986997e-01  6.595740968943303e-01

6.298607757313952e-03 4.499999973961419e-01  8.500000014115823e-01
2.209401357615863e+01 4.836656926909091e-01  8.517897129318250e-01
4.451903679660516e+01 4.911320514001188e-01  8.430053851968696e-01
6.709315545808866e+01 4.877852132209288e-01  8.254723611014513e-01
8.980174430343340e+01 4.766690890469306e-01  7.956073334441741e-01
1.127133594924071e+02 4.557373947883994e-01  7.458078577493118e-01
1.359644835672021e+02 4.230150928171418e-01  6.740013606163729e-01
1.595514099057986e+02 3.830881346679087e-01  6.096272548139128e-01
1.829530001566020e+02 3.452836371384633e-01  5.816333351469343e-01
2.059663251693141e+02 3.116144307024576e-01  5.879174819192294e-01
2.287513897278160e+02 2.794042295726556e-01  6.176555237017349e-01
2.513522770127518e+02 2.619568894220445e-01  6.530635469711523e-01
2.737374647037220e+02 2.745507603706853e-01  6.853296186025326e-01
2.959326417453307e+02 3.133779327338974e-01  7.118061347277977e-01
3.180793348303204e+02 3.574225116651302e-01  7.210367113274415e-01
3.404834802329647e+02 3.806619951802670e-01  7.058967386584741e-01
3.632825072781702e+02 3.784901458076850e-01  6.733440546056735e-01
3.863493702784497e+02 3.600125185089533e-01  6.418174560206937e-01
4.094231997466456e+02 3.356691980611573e-01  6.276079359883492e-01
4.323333692083502e+02 3.130558683499763e-01  6.334496066595805e-01
4.550527297947301e+02 2.993478942563441e-01  6.516971999960951e-01
4.775954888304937e+02 3.017611259866302e-01  6.726894632646229e-01
5.000084841857850e+02 3.197561203860185e-01  6.891108442225217e-01
5.224012877379342e+02 3.424847133058733e-01  6.946914374228824e-01
5.449232299606741e+02 3.568147819587207e-01  6.866238014542683e-01
5.676498170898637e+02 3.575396440497668e-01  6.694907823897276e-01
5.905237146246850e+02 3.476982480151098e-01  6.531322982147888e-01
6.134160766624053e+02 3.333818370602177e-01  6.459503365343727e-01
6.362234365256136e+02 3.206466057821510e-01  6.496277237659477e-01
6.589117140035660e+02 3.146998242003792e-01  6.602370887709023e-01
6.814920804446596e+02 3.181489918516849e-01  6.720508332880706e-01
7.040119825670860e+02 3.287607963648403e-01  6.801920494396686e-01
7.265456827376922e+02 3.402486781927121e-01  6.813090928538221e-01
7.491645805289531e+02 3.466032392650583e-01  6.753344342472585e-01
7.718881389049423e+02 3.457750647360008e-01  6.657564401872017e-01
7.946780215305232e+02 3.394386140570846e-01  6.578925016126335e-01
8.174653607145175e+02 3.312180987278160e-01  6.553897426809180e-01
8.401996299743972e+02 3.248791781009763e-01  6.585970785877286e-01
8.628639476179933e+02 3.231621219720040e-01  6.650359642513721e-01
8.854713958251596e+02 3.265369251070659e-01  6.713945148689660e-01
9.080566652868372e+02 3.328673856871809e-01  6.748462405564450e-01
9.306650404375071e+02 3.385929562619880e-01  6.740471775632787e-01
9.533284162807037e+02 3.409641211121779e-01  6.697650613706829e-01
9.760446108313519e+02 3.393819617615348e-01  6.645350164991671e-01
9.987860338186476e+02 3.352594167861861e-01  6.610315304445876e-01
1.021516856589122e+03 3.307586507362030e-01  6.606767685447953e-01
1.044212280803169e+03 3.279993039378594e-01  6.631778627108550e-01
1.066869594563944e+03 3.280444419552526e-01  6.669637430679138e-01

6.298607756976903e-03 5.500199159539574e-01  8.500724219080482e-01
2.292014876934465e+01 5.057677378826376e-01  8.119185808185023e-01
4.592552684154941e+01 4.719285194122823e-01  7.596861057781770e-01
6.919491548275475e+01 4.343551247464237e-01  6.849039922564761e-01
9.282820552710716e+01 3.920029447485111e-01  6.125305284720377e-01
1.163250498261117e+02 3.524851775290751e-01  5.770894846604736e-01
1.393838931703464e+02 3.188945190038356e-01  5.778299717138325e-01
1.621942681470854e+02 2.854700601630273e-01  6.048901164038963e-01
1.848438570989327e+02 2.603216990095745e-01  6.419553952027601e-01
2.072866800704301e+02 2.635369289676271e-01  6.759604897461277e-01
2.295216047615462e+02 2.968146371475583e-01  7.059734813326027e-01
2.516309566897865e+02 3.447037058255766e-01  7.231374434544457e-01
2.738987477746811e+02 3.780923314537311e-01  7.160693935173180e-01
2.965665620734726e+02 3.838403084809833e-01  6.867607763346020e-01
3.195824411218709e+02 3.691005541166488e-01  6.509682700153692e-01
3.427014832514731e+02 3.449483686834799e-01  6.286792558636057e-01
3.656870443553398e+02 3.202683598948310e-01  6.278306987518762e-01
3.884778094281205e+02 3.016580066643514e-01  6.433191087458542e-01
4.110804686277126e+02 2.973299601186576e-01  6.649969605808098e-01
4.335254548864482e+02 3.107634654909018e-01  6.845557563700100e-01
4.558973052741736e+02 3.343606933596904e-01  6.952904231633602e-01
4.783446170369530e+02 3.537937787846684e-01  6.922107455136752e-01
5.009928659965690e+02 3.598338040006730e-01  6.769489052154313e-01
5.238325214242529e+02 3.530347745718607e-01  6.582963946551769e-01
5.467426919558271e+02 3.391266452826365e-01  6.465437128003022e-01
5.695964331303273e+02 3.245793728985728e-01  6.463293783581386e-01
5.923334937822151e+02 3.151473713052816e-01  6.552492404956654e-01
6.149501661808578e+02 3.148550587464389e-01  6.678034547267456e-01
6.374794610621124e+02 3.237062359407688e-01  6.783775757761953e-01
6.599895583499766e+02 3.363797650091940e-01  6.826702785792683e-01
6.825633032158821e+02 3.457301584945610e-01  6.789490613903023e-01
7.052492905488073e+02 3.476860270404456e-01  6.696072150143348e-01
7.280280398948400e+02 3.427271508027554e-01  6.599651262611789e-01
7.508303071929741e+02 3.343073021434702e-01  6.550172520925899e-01
7.735928285913607e+02 3.264995414365368e-01  6.563827316259894e-01
7.962833269023083e+02 3.226788483715465e-01  6.622815195944675e-01
8.189063868041723e+02 3.243829661663523e-01  6.693844858775179e-01
8.414903413752819e+02 3.302823438118755e-01  6.743604346060690e-01
8.640816648927494e+02 3.369518115707753e-01  6.751835068622448e-01
8.867219969365390e+02 3.409029608056265e-01  6.718277659086267e-01
9.094217562414633e+02 3.406590448926059e-01  6.663368085465866e-01
9.321614112715541e+02 3.370707626380669e-01  6.617447651964410e-01
9.549025279290149e+02 3.322564422544249e-01  6.601677355244857e-01
9.776133064891802e+02 3.285431564997771e-01  6.617991918792898e-01
1.000284377302091e+03 3.274352369508217e-01  6.655003873139670e-01
1.022920800784620e+03 3.292657034042103e-01  6.692188792838070e-01
1.045544067803652e+03 3.328077428340919e-01  6.713061055613224e-01
1.068180045691319e+03 3.361120868474499e-01  6.710092753118859e-01

6.300122301412270e-03 6.510734347518666e-01  8.522265690789967e-01
2.268460972669480e+01 5.469842895812166e-01  7.604543296464599e-01
4.644084732413472e+01 4.631166829333875e-01  6.398161525471119e-01
7.065447436222290e+01 4.055743768180353e-01  5.529091522768257e-01
9.405350222454447e+01 3.747952080228550e-01  5.175384569002365e-01
1.168660217452256e+02 3.596572263095701e-01  5.079610620367944e-01
1.394696020371453e+02 3.486646915647706e-01  5.096239719033305e-01
1.620170785243421e+02 3.361165556591444e-01  5.186290603388203e-01
1.845724814361220e+02 3.178146029409151e-01  5.367149923524319e-01
2.071718805387095e+02 2.893749705503998e-01  5.694438641347934e-01
2.298063912947585e+02 2.530084989949968e-01  6.149410421493416e-01
2.523356300020425e+02 2.357749318242990e-01  6.545907748052048e-01
2.746614691614547e+02 2.533568505356301e-01  6.885730594607093e-01
2.967740893009978e+02 3.011560512196227e-01  7.207262229039396e-01
3.187703185684085e+02 3.592393390241607e-01  7.368912725090846e-01
3.410289161518316e+02 3.924460560641428e-01  7.244542415948999e-01
3.637694267497681e+02 3.933584456974220e-01  6.874469646526550e-01
3.868891210561303e+02 3.735618295631155e-01  6.447925965292803e-01
4.100900747310655e+02 3.453541797414615e-01  6.199099937660416e-01
4.331059787032358e+02 3.174285642700327e-01  6.203917423147788e-01
4.559000124668447e+02 2.958415935052365e-01  6.393137525017448e-01
4.784909031495140e+02 2.902010227872169e-01  6.642514457137216e-01
5.009054232129792e+02 3.054401790774422e-01  6.869058684403719e-01
5.232256209985773e+02 3.333957029859146e-01  7.001517942861765e-01
5.456218819188828e+02 3.569534744689697e-01  6.975687013936550e-01
5.682514472927567e+02 3.645010615039484e-01  6.803836706629536e-01
5.911096250020407e+02 3.572152022316521e-01  6.583086954707760e-01
6.140596070647227e+02 3.415090394041665e-01  6.436301861130624e-01
6.369490902062582e+02 3.246053019935868e-01  6.423748542720724e-01
6.597071289438516e+02 3.127708928090800e-01  6.521798505357155e-01
6.823270516485933e+02 3.112349659337139e-01  6.665858130294767e-01
7.048410779842895e+02 3.206779880537599e-01  6.792191282188168e-01
7.273219460921787e+02 3.354446201850785e-01  6.851437393570650e-01
7.498673304120974e+02 3.470143741111781e-01  6.818125494652721e-01
7.725426449531233e+02 3.500681355607647e-01  6.714296098610633e-01
7.953301898802076e+02 3.450387972764466e-01  6.600047387617516e-01
8.181522085052778e+02 3.356619568440291e-01  6.534966717638218e-01
8.409344195965859e+02 3.264522432957801e-01  6.542665789051924e-01
8.636377120457607e+02 3.212866224094551e-01  6.605641459134437e-01
8.862624292633475e+02 3.223619919291340e-01  6.687613744987888e-01
9.088361488129780e+02 3.287167323327641e-01  6.750310056194453e-01
9.314099832855562e+02 3.366131709053489e-01  6.767095906739993e-01
9.540352697263031e+02 3.417684023663368e-01  6.733505425126919e-01
9.767305260748500e+02 3.421279254215427e-01  6.670744184785453e-01
9.994778025702751e+02 3.382827062659761e-01  6.614590282769451e-01
1.022230984330161e+03 3.327440977029935e-01  6.590905716841199e-01
1.044954034727427e+03 3.280921206900521e-01  6.606539944999482e-01
1.067628833774610e+03 3.264338629215470e-01  6.648142600873841e-01

6.300122300917093e-03 7.499922687169237e-01  9.499995287265597e-01
2.155663063588129e+01 6.764487552091502e-01  9.220206029945544e-01
4.377221531483683e+01 5.963105372564812e-01  8.944475095620725e-01
6.646090715454301e+01 5.430028244426522e-01  8.749987574331597e-01
8.915950653004893e+01 5.167774763470967e-01  8.602028466597166e-01
1.118041439163819e+02 5.027623644280654e-01  8.447389657736134e-01
1.344667836632451e+02 4.911803815242427e-01  8.235422679462314e-01
1.572261746728159e+02 4.761466918113174e-01  7.903265445321361e-01
1.801902429519319e+02 4.524007275584767e-01  7.363509475494566e-01
2.035110397221152e+02 4.176519125751305e-01  6.623668109561183e-01
2.271190041462451e+02 3.770979218993412e-01  6.023346846880824e-01
2.504571785296836e+02 3.401758289083198e-01  5.800095199296271e-01
2.734240247573313e+02 3.067424240578984e-01  5.906261177785460e-01
2.961835622834471e+02 2.752418039028081e-01  6.224570328998474e-01
3.187538325626572e+02 2.614406940361619e-01  6.576860036098432e-01
3.411100314647244e+02 2.783022845045091e-01  6.895133153342894e-01
3.632842108442875e+02 3.196001713023017e-01  7.145417571528373e-01
3.854448691444801e+02 3.622349153414796e-01  7.205989176757630e-01
4.079007833815717e+02 3.818506704780857e-01  7.023511257981717e-01
4.307480227729718e+02 3.768341685709591e-01  6.685790804526319e-01
4.538340526834499e+02 3.569493696909865e-01  6.385805643820253e-01
4.768928315299963e+02 3.323888942663776e-01  6.272003537534777e-01
4.997773384367924e+02 3.104745091425196e-01  6.353362513860579e-01
5.224714457261359e+02 2.985881992286999e-01  6.545120991781991e-01
5.449926829672428e+02 3.033626414382288e-01  6.752538416096636e-01
5.673951834750220e+02 3.227794153154843e-01  6.906375961828370e-01
5.897961709774215e+02 3.450949055417870e-01  6.943981499163162e-01
6.123436719615302e+02 3.576649089829648e-01  6.847345502039034e-01
6.350949560200014e+02 3.567021300576501e-01  6.670877311237389e-01
6.579796127338001e+02 3.459092872880616e-01  6.516239328221194e-01
6.808646496069058e+02 3.315113389130294e-01  6.459279713935140e-01
7.036569488886144e+02 3.194214069920113e-01  6.507801877755524e-01
7.263298705362270e+02 3.146546516523322e-01  6.618579960062160e-01
7.488988588780362e+02 3.192960986645237e-01  6.734147119989545e-01
7.714162701218422e+02 3.304004147178148e-01  6.806811861235115e-01
7.939585001641288e+02 3.414234675982649e-01  6.807834377772652e-01
8.165918543489887e+02 3.468003836076328e-01  6.740877301038789e-01
8.393268150380933e+02 3.450958452641444e-01  6.644471070521604e-01
8.621199124686615e+02 3.383039150117146e-01  6.572378837781584e-01
8.849011753601538e+02 3.301816914905286e-01  6.555797382824105e-01
9.076263878507229e+02 3.243565796410818e-01  6.593841101594814e-01
9.302818515633534e+02 3.233869875107546e-01  6.659997023144987e-01
9.528835496077349e+02 3.273317952091890e-01  6.721123464929231e-01
9.754692075655526e+02 3.338279414914464e-01  6.749147085356551e-01
9.980855805649491e+02 3.391415505459811e-01  6.735220450808527e-01
1.020757075571753e+03 3.409202929306925e-01  6.689568242908953e-01
1.043478640101978e+03 3.388490674655685e-01  6.638566387651486e-01
1.066220146263830e+03 3.345394223376923e-01  6.608083039979804e-01

