5.838060620114771e-01  3.148314183639110e-01
5.944431671800615e-01  2.989520093655126e-01
6.106790005083453e-01  2.809066883108977e-01
6.291387836017984e-01  2.630972884970945e-01
6.462176768711632e-01  2.501949147188406e-01
6.609092352233399e-01  2.455739461709339e-01
6.744998405046008e-01  2.500404301057399e-01
6.889106218053228e-01  2.636988799898958e-01
7.055604577458834e-01  2.869085022077824e-01
7.240555867011629e-01  3.189696384600804e-01
7.409769463290788e-01  3.551324236991929e-01
7.516882063276472e-01  3.867841025790836e-01
7.537350872255101e-01  4.078358970763609e-01
7.467926770427753e-01  4.177483362772657e-01
7.308724946188936e-01  4.183650492763133e-01
7.059385375747658e-01  4.114001222894225e-01
6.734935156453735e-01  3.983897851167230e-01
6.387892592103205e-01  3.816147347338310e-01
6.094339994520576e-01  3.641569684171213e-01
5.901803127270361e-01  3.483435439028044e-01
5.813518997985220e-01  3.343278852384181e-01
5.814878344532386e-01  3.206901052202206e-01
5.893078811121819e-01  3.057149606711146e-01
6.035608255884843e-01  2.884435387700232e-01
6.216150804349519e-01  2.700441185146528e-01
6.395582212812174e-01  2.545761393245730e-01
6.551569091717390e-01  2.463672418308752e-01
6.689694895538419e-01  2.471214502558247e-01
