3.314447573140116e-01  6.657355411157215e-01
3.315172242787401e-01  6.666876504034659e-01
3.320742036658174e-01  6.676353309766764e-01
3.329702574009873e-01  6.683317299307382e-01
3.339648508625228e-01  6.685921674112419e-01
3.347895526985583e-01  6.683432295389791e-01
3.352242490857681e-01  6.676462050883591e-01
3.351570295047270e-01  6.666850891000748e-01
3.346104006209121e-01  6.657180460094925e-01
3.337302967282347e-01  6.650051974901857e-01
3.327458565157219e-01  6.647357518749472e-01
3.319123414716126e-01  6.649775579286403e-01
3.314487505041113e-01  6.656629423209925e-01
3.314816355076070e-01  6.666106118480499e-01
3.320081263872314e-01  6.675738804926206e-01
3.328913087049541e-01  6.683019939729476e-01
3.338943410678958e-01  6.686022827899872e-01
3.347464338434007e-01  6.683909661479901e-01
3.352198558596884e-01  6.677191226550361e-01
3.351921356665858e-01  6.667636790708236e-01
3.346754494503680e-01  6.657811268062833e-01
3.338082323326847e-01  6.650358895487317e-01
3.328164894842806e-01  6.647261109486721e-01
3.319572659866893e-01  6.649304821579838e-01
3.314559188238268e-01  6.655910279666084e-01
3.314486784856001e-01  6.665326584581479e-01
3.319434122608768e-01  6.675101342230011e-01
3.328120606869240e-01  6.682691626144385e-01
