3.543982981941650e-01  7.113364999819710e-01
3.710315987664228e-01  7.081316044798387e-01
3.775009073209701e-01  6.947552539811365e-01
3.741244383022212e-01  6.736797396390517e-01
3.634323757811704e-01  6.504916821672592e-01
3.486512320361255e-01  6.320163586779871e-01
3.323813263996275e-01  6.228385843442923e-01
3.160820117575084e-01  6.239411007989409e-01
3.012312586853655e-01  6.335190086304814e-01
2.908020179654743e-01  6.481339798613082e-01
2.886202667980596e-01  6.645703691680336e-01
2.969386641931615e-01  6.811093506739738e-01
3.150339999392849e-01  6.964151793126119e-01
3.386097845999731e-01  7.077704746922027e-01
3.604335534290846e-01  7.114580271948999e-01
3.741353468687174e-01  7.050712231609521e-01
3.774247786395945e-01  6.889288560449892e-01
3.714850843667204e-01  6.664937619712091e-01
3.592053154406356e-01  6.440626983259826e-01
3.437506729763986e-01  6.281127236067925e-01
3.273517388141269e-01  6.221230983235279e-01
3.112877209387173e-01  6.261088381394645e-01
2.973937034189632e-01  6.376244243054209e-01
2.891053039372551e-01  6.530723348456120e-01
2.900183497635740e-01  6.696643768211293e-01
3.015554658851682e-01  6.860076515684719e-01
3.219569510161078e-01  7.004759985363038e-01
3.458216989985315e-01  7.098681974471792e-01
