3.614438179203442e-01  6.301814309352292e-01
3.437687528210382e-01  6.125844286280486e-01
3.260715418787860e-01  6.067367175567666e-01
3.082773802801695e-01  6.118440877895887e-01
2.910079328005796e-01  6.252110039436315e-01
2.775059134470190e-01  6.426798592764646e-01
2.725413356936829e-01  6.607939385885605e-01
2.790882512809310e-01  6.786745029893710e-01
2.974627887453734e-01  6.965975089783503e-01
3.251497992118489e-01  7.132703747995679e-01
3.553475951394376e-01  7.246681786423947e-01
3.790944983864727e-01  7.264657781942911e-01
3.912261770623054e-01  7.167367590257753e-01
3.916188767122551e-01  6.960564204167817e-01
3.826208623487999e-01  6.678462901860351e-01
3.676329043955196e-01  6.391152752488823e-01
3.501981623714225e-01  6.176358151503508e-01
3.324758155263837e-01  6.075010917554751e-01
3.147363196497059e-01  6.088611829847902e-01
2.970596396017948e-01  6.196614831062580e-01
2.816505455854157e-01  6.361495439137058e-01
2.731025919302470e-01  6.542674241972949e-01
2.753178456324709e-01  6.722027712429747e-01
2.895241057261684e-01  6.901231036936905e-01
3.143785945176626e-01  7.075851636956082e-01
3.447131327273874e-01  7.214604971965557e-01
3.716952191832111e-01  7.271046369262197e-01
3.882610442783664e-01  7.216040374167001e-01
