3.433301014409128e-01  4.333307485170090e-01
3.685456992803746e-01  4.624872341822139e-01
3.788660798209301e-01  4.719490603481533e-01
3.838590826948162e-01  4.740931397331289e-01
3.872837507095969e-01  4.736379967787028e-01
3.903501790503661e-01  4.721794130632078e-01
3.935183422748329e-01  4.703108814644622e-01
3.968622687057587e-01  4.682390134395016e-01
4.003882489320295e-01  4.660649599992635e-01
4.039657243425940e-01  4.638221092689230e-01
4.075198777366725e-01  4.615807742563395e-01
4.109594447830858e-01  4.593877908881758e-01
4.141920919351951e-01  4.572567273966825e-01
4.172316600309622e-01  4.552748481388266e-01
4.199568086636972e-01  4.533934531496472e-01
4.224463515749475e-01  4.516901404643006e-01
4.246435881451509e-01  4.501285618266515e-01
4.265664350996698e-01  4.487035427611110e-01
4.282391450696990e-01  4.474311159155719e-01
4.297026717002133e-01  4.463060454913789e-01
4.309448038322011e-01  4.452755064828127e-01
4.320045973360909e-01  4.443777577013149e-01
4.329304216297757e-01  4.435995348961665e-01
4.337142449263486e-01  4.429060244799076e-01
4.343918747960781e-01  4.422965534807551e-01
4.349624536673477e-01  4.417632007006528e-01
4.354452572669527e-01  4.413062393085430e-01
4.358807419174116e-01  4.409243082119255e-01

3.766643346581259e-01  4.333318542650734e-01
3.981651364686293e-01  4.519621834002105e-01
4.075916495153439e-01  4.565954587500962e-01
4.127789316641965e-01  4.566174520059050e-01
4.164418589195418e-01  4.552788430846770e-01
4.194335571191366e-01  4.536036390832157e-01
4.220197136567315e-01  4.519329798585679e-01
4.242802305648082e-01  4.503676373109270e-01
4.262267521953410e-01  4.489075408048226e-01
4.279577036551120e-01  4.476283706601574e-01
4.294576288333612e-01  4.464811365460988e-01
4.307210720653432e-01  4.454237683272854e-01
4.318174308655695e-01  4.445149872283048e-01
4.327986621432982e-01  4.437477437769555e-01
4.336018739685857e-01  4.430360202952864e-01
4.342422679615320e-01  4.423604668923346e-01
4.348568103419829e-01  4.418373389805615e-01
4.353683992043424e-01  4.413848397586911e-01
4.358250504304526e-01  4.410029263515464e-01
4.362106372074128e-01  4.406648791243529e-01
4.365313793905837e-01  4.403624404495062e-01
4.368203254658696e-01  4.401140086267879e-01
4.370604895653257e-01  4.398915866479889e-01
4.372458746270994e-01  4.396800043786049e-01
4.374280796813912e-01  4.395192581555593e-01
4.375803922102618e-01  4.393747628983085e-01
4.377032666543136e-01  4.392414985301662e-01
4.378306179636919e-01  4.391464394705529e-01

4.099947219570220e-01  4.333289224945483e-01
4.223141122719746e-01  4.431181258474524e-01
4.272437176816404e-01  4.454167159057204e-01
4.296606329768267e-01  4.454155972632242e-01
4.311670968155378e-01  4.447786984890181e-01
4.322901246527776e-01  4.440386502412167e-01
4.332188367591848e-01  4.433457872574605e-01
4.339907374810880e-01  4.427083979954703e-01
4.346362000489242e-01  4.421261156705358e-01
4.351779314121305e-01  4.416278853050071e-01
4.356526952283542e-01  4.412059639064691e-01
4.360338852927905e-01  4.408121167921012e-01
4.364035645171859e-01  4.405131423898221e-01
4.366801627855267e-01  4.402145645891221e-01
4.369419370262987e-01  4.399805678145393e-01
4.371489038193861e-01  4.397611133943728e-01
4.373286502953592e-01  4.395738341141986e-01
4.375154636797870e-01  4.394438945821383e-01
4.376543659240019e-01  4.393089442281741e-01
4.377746955907556e-01  4.391917524504271e-01
4.378805820094802e-01  4.390906400756566e-01
4.379647284494048e-01  4.389944334890938e-01
4.380421224097734e-01  4.389149460093438e-01
4.381103791116098e-01  4.388478574767998e-01
4.381692457954965e-01  4.387898496050955e-01
4.382032165690605e-01  4.387240459353439e-01
4.382635210876362e-01  4.386995497228552e-01
4.383022529047020e-01  4.386663534542788e-01

4.433256611127556e-01  4.333272797228561e-01
4.426537429629161e-01  4.340480166055490e-01
4.420728052388227e-01  4.346784328540789e-01
4.415790340055699e-01  4.352095362331489e-01
4.411501555294727e-01  4.356652863542936e-01
4.408054777209168e-01  4.360874869500431e-01
4.404877432761597e-01  4.364303109689234e-01
4.402169787802440e-01  4.367283844297604e-01
4.399575054195293e-01  4.369578590917183e-01
4.397698733672807e-01  4.371920348630143e-01
4.395927070703465e-01  4.373778898394169e-01
4.394278508888447e-01  4.375257727055145e-01
4.392911124924583e-01  4.376592442632514e-01
4.391744595520456e-01  4.377770852659783e-01
4.390585580704380e-01  4.378653966658476e-01
4.389867454344895e-01  4.379717485653212e-01
4.389170457904494e-01  4.380570746950987e-01
4.388459427970895e-01  4.381201007890303e-01
4.387771286878681e-01  4.381664017316241e-01
4.387148642038293e-01  4.382024323599371e-01
4.386835695199438e-01  4.382546450876594e-01
4.386501691499651e-01  4.382918277648907e-01
4.386280244267862e-01  4.383290029654959e-01
4.386026790363777e-01  4.383534998088569e-01
4.385550711700437e-01  4.383474550492295e-01
4.385485386528447e-01  4.383756884319756e-01
4.385402734880947e-01  4.383964296700146e-01
4.385262701098244e-01  4.384066051852363e-01

4.766646959186260e-01  4.333326159532392e-01
4.607867777066625e-01  4.237067949625811e-01
4.547282144277451e-01  4.224902162690510e-01
4.517592982982679e-01  4.236853148648670e-01
4.498526804983277e-01  4.254336221334807e-01
4.483423108721629e-01  4.271599996395288e-01
4.470734078611354e-01  4.287244407961771e-01
4.459609775236907e-01  4.300956692931789e-01
4.449675106318378e-01  4.312712459310480e-01
4.441199943802330e-01  4.323013028067524e-01
4.433806632306383e-01  4.331920864222009e-01
4.427371796656279e-01  4.339664237258625e-01
4.421234834334318e-01  4.345857412974777e-01
4.416323997957038e-01  4.351415368349945e-01
4.412213793017098e-01  4.356320050955305e-01
4.408398055620371e-01  4.360308066583169e-01
4.405283203311004e-01  4.363927474378805e-01
4.402292606158141e-01  4.366726884196792e-01
4.399996546492772e-01  4.369419879015599e-01
4.397936844645853e-01  4.371658029338540e-01
4.396104340684525e-01  4.373525256707663e-01
4.394535135304551e-01  4.375141695014898e-01
4.393193704907659e-01  4.376553514353644e-01
4.391992439924876e-01  4.377730306003903e-01
4.390915594432563e-01  4.378733229391691e-01
4.389988596671565e-01  4.379621465564519e-01
4.389197921424831e-01  4.380408897976750e-01
4.388451844592793e-01  4.381028365096435e-01

5.099957754915838e-01  4.333307099514861e-01
4.786855093672166e-01  4.124215772503809e-01
4.673919026405131e-01  4.082364242043651e-01
4.623588692128261e-01  4.093267663222013e-01
4.593300304016637e-01  4.119884594930341e-01
4.569487533070655e-01  4.149368822116464e-01
4.548905580816036e-01  4.178184446005809e-01
4.530549173993230e-01  4.205138200083662e-01
4.513576404936357e-01  4.229276318723248e-01
4.498238774410289e-01  4.250645259581647e-01
4.484265213186679e-01  4.269351766583240e-01
4.471817434919448e-01  4.285605092964500e-01
4.460703052759180e-01  4.299659180031236e-01
4.450711411741313e-01  4.311707058141981e-01
4.441625248947275e-01  4.321604314317957e-01
4.434500023775522e-01  4.331030600920759e-01
4.427940348595675e-01  4.338842464262144e-01
4.421821219447017e-01  4.345237519879077e-01
4.416840031492030e-01  4.350920144768379e-01
4.412439518873971e-01  4.355656371682194e-01
4.408846669231573e-01  4.359997375519050e-01
4.405676252342523e-01  4.363661385652752e-01
4.402843868188672e-01  4.366722001632229e-01
4.400074546638615e-01  4.369015506336472e-01
4.397870745498087e-01  4.371170857616944e-01
4.396004633445748e-01  4.373054934535902e-01
4.394643322930780e-01  4.374929956357524e-01
4.393414375926025e-01  4.376499189356268e-01

5.433272052639241e-01  4.333300322134677e-01
4.981019279646181e-01  4.010781182668476e-01
4.821042266562858e-01  3.917190391709879e-01
4.757376743839432e-01  3.905321739503736e-01
4.723437234252488e-01  3.921804202238685e-01
4.698272121311455e-01  3.949508223213138e-01
4.675250849262469e-01  3.982059209312186e-01
4.652686837322511e-01  4.017128626165924e-01
4.629986128085427e-01  4.052780323865363e-01
4.607620952394705e-01  4.087861637654558e-01
4.586000685874306e-01  4.121708417144888e-01
4.565143759392173e-01  4.153272337372181e-01
4.545556925442069e-01  4.182406866687858e-01
4.527760580939659e-01  4.209224846519707e-01
4.511046401576713e-01  4.232952815689467e-01
4.495862253842369e-01  4.253784859497369e-01
4.482089102366111e-01  4.272063685448144e-01
4.470002137697305e-01  4.288081220576475e-01
4.459065015566543e-01  4.301801500238117e-01
4.449069824775848e-01  4.313301853468514e-01
4.440645942519222e-01  4.323486670150175e-01
4.433520866569389e-01  4.332541313343008e-01
4.426859038451374e-01  4.339920914869299e-01
4.420854050348401e-01  4.346134700208972e-01
4.415851104404885e-01  4.351479869112566e-01
4.411695157938541e-01  4.356256330109771e-01
4.408276911597940e-01  4.360586377756900e-01
4.405230081247788e-01  4.364216828375647e-01

3.766616935066923e-01  4.666619383491188e-01
3.842433751046090e-01  4.716135377799871e-01
3.886438272071711e-01  4.719955578619902e-01
3.921800330903158e-01  4.707598887591226e-01
3.956049229459642e-01  4.689177543221594e-01
3.990886291989708e-01  4.668057126453283e-01
4.026435391037745e-01  4.645920382791000e-01
4.062213722845555e-01  4.623610782763750e-01
4.097072069792808e-01  4.601405771560350e-01
4.130183696743915e-01  4.579921804183410e-01
4.161566499198375e-01  4.559811402020813e-01
4.189993466888759e-01  4.540549524756690e-01
4.215716134968662e-01  4.522886133608671e-01
4.238488018030478e-01  4.506581648592078e-01
4.258781167785765e-01  4.491969840991020e-01
4.276388523156489e-01  4.478653989893744e-01
4.291668442580650e-01  4.466813088800233e-01
4.304941754040608e-01  4.456275540941206e-01
4.316076813954690e-01  4.446780284412284e-01
4.325887953284381e-01  4.438646222047305e-01
4.334549986696339e-01  4.431712256147791e-01
4.341562923761922e-01  4.425179760496931e-01
4.347927226776807e-01  4.419780485699282e-01
4.353288861273977e-01  4.415190865460083e-01
4.357754973837295e-01  4.411027449359594e-01
4.361586471517245e-01  4.407413612199423e-01
4.364912678643540e-01  4.404323983578606e-01
4.367801422834400e-01  4.401686950630543e-01

4.099917232244763e-01  4.666589403198999e-01
4.108931437829237e-01  4.614819283841260e-01
4.134201161417513e-01  4.584270589256660e-01
4.162840340135033e-01  4.561123240030439e-01
4.190414391618851e-01  4.540911946661987e-01
4.215750714491823e-01  4.522867494606335e-01
4.238787387550825e-01  4.506764655033539e-01
4.259032661692432e-01  4.492073474103997e-01
4.276520563674444e-01  4.478657241596939e-01
4.291970138077023e-01  4.466965274201673e-01
4.305106564404644e-01  4.456297595492847e-01
4.316468217641790e-01  4.447008374014078e-01
4.326078369513514e-01  4.438684898645248e-01
4.334660179487207e-01  4.431696907260914e-01
4.341998856908142e-01  4.425477982733201e-01
4.347905983058069e-01  4.419649243322963e-01
4.353254168621804e-01  4.415064380124150e-01
4.357522384935228e-01  4.410731004475861e-01
4.361555351500515e-01  4.407322727205837e-01
4.364718729678507e-01  4.404089855371062e-01
4.367553467243745e-01  4.401408265683640e-01
4.370077201247445e-01  4.399181786203574e-01
4.372200344003418e-01  4.397214334568717e-01
4.374014782883192e-01  4.395505796002567e-01
4.375536441819469e-01  4.393989766363589e-01
4.376876540329672e-01  4.392703653779669e-01
4.378032985978111e-01  4.391577979797749e-01
4.379057139406064e-01  4.390614268373534e-01

4.433311504548023e-01  4.666660113254025e-01
4.332851267683592e-01  4.529532070749403e-01
4.311798523861242e-01  4.480529388432251e-01
4.313475611125307e-01  4.458751490467193e-01
4.320733670719732e-01  4.446067966737989e-01
4.329183609539216e-01  4.437219232292419e-01
4.336692643053819e-01  4.429777452775635e-01
4.343480269447186e-01  4.423534597841860e-01
4.349336998591843e-01  4.418179434375081e-01
4.354480703398018e-01  4.413796620908534e-01
4.358858711665299e-01  4.409894090287109e-01
4.362610836483240e-01  4.406511082151971e-01
4.365646605031966e-01  4.403407114670819e-01
4.368484264448823e-01  4.400946242736694e-01
4.370823108441567e-01  4.398724660175220e-01
4.372870279662138e-01  4.396847374257889e-01
4.374419700994499e-01  4.395020024267633e-01
4.375984291783725e-01  4.393669429793958e-01
4.377079471571003e-01  4.392242048928739e-01
4.378058822777625e-01  4.391030523959711e-01
4.379274361752891e-01  4.390330624005286e-01
4.379962406098954e-01  4.389350459828055e-01
4.380812155340523e-01  4.388752269935686e-01
4.381308881830538e-01  4.388002575724060e-01
4.381764608782672e-01  4.387388331273210e-01
4.382335491464117e-01  4.387047963794894e-01
4.382738637564956e-01  4.386679182821940e-01
4.383108288619597e-01  4.386398065104483e-01

4.766505379754830e-01  4.666517880358161e-01
4.526334442113901e-01  4.444791087332712e-01
4.449576784133440e-01  4.380657915902513e-01
4.423100340701072e-01  4.364006233377475e-01
4.412602861144157e-01  4.361827179367081e-01
4.407367420517312e-01  4.363719648225637e-01
4.403726877543225e-01  4.366202915429643e-01
4.400956333054662e-01  4.368697591669210e-01
4.398533345913666e-01  4.370801766998108e-01
4.396541001205982e-01  4.372706536177086e-01
4.395046872936005e-01  4.374571896963557e-01
4.393561004872534e-01  4.375983040107147e-01
4.392441184732984e-01  4.377375779466874e-01
4.391116631121794e-01  4.378232854244609e-01
4.390315909452948e-01  4.379336861090237e-01
4.389577307901059e-01  4.380257667046468e-01
4.388656606922858e-01  4.380775061071592e-01
4.388087026334517e-01  4.381445229169885e-01
4.387610323841280e-01  4.382032213049346e-01
4.387140765046937e-01  4.382467650080321e-01
4.386708741505506e-01  4.382800779233987e-01
4.386403526216581e-01  4.383141350656515e-01
4.386102446499065e-01  4.383382302096531e-01
4.385641095810562e-01  4.383373687589445e-01
4.385510614547885e-01  4.383621752579382e-01
4.385419944348423e-01  4.383847761407154e-01
4.385315057950043e-01  4.384006868688069e-01
4.385206225756147e-01  4.384117770946184e-01

5.099919242790486e-01  4.666613286015950e-01
4.702886449715399e-01  4.352691286679134e-01
4.569129940966494e-01  4.270492549823812e-01
4.517992797639317e-01  4.259718936155643e-01
4.492828901371496e-01  4.268979397614501e-01
4.476631217662042e-01  4.282692167635027e-01
4.464212319730871e-01  4.296443480715523e-01
4.453421464124706e-01  4.308570259589538e-01
4.444371624347220e-01  4.319293721214281e-01
4.436685387848234e-01  4.328844291117273e-01
4.429546497987711e-01  4.336623512013391e-01
4.423409492886166e-01  4.343490163085784e-01
4.418183972702818e-01  4.349462610475134e-01
4.413745858433013e-01  4.354536804761589e-01
4.409811911050576e-01  4.358864971774726e-01
4.406247130007986e-01  4.362416810588740e-01
4.403335893520309e-01  4.365637611103442e-01
4.400922519508641e-01  4.368513601442505e-01
4.398618342586870e-01  4.370759604473505e-01
4.396601417418285e-01  4.372658484564377e-01
4.395163189672713e-01  4.374596593959409e-01
4.393752095810363e-01  4.376097816932835e-01
4.392545970917162e-01  4.377415594035285e-01
4.391104209111919e-01  4.378162133233749e-01
4.390240377918291e-01  4.379210109111996e-01
4.389474531667043e-01  4.380109267774134e-01
4.388863494732878e-01  4.380942882000201e-01
4.388171608963521e-01  4.381498459827370e-01

5.433279533736604e-01  4.666633102328746e-01
4.879404203246763e-01  4.258247801458511e-01
4.687406455123127e-01  4.146734681723054e-01
4.613661048312806e-01  4.135315802546273e-01
4.576554027991027e-01  4.153159293519429e-01
4.551793804576883e-01  4.178410499150931e-01
4.531879223767001e-01  4.204055058054733e-01
4.514623138116516e-01  4.228143822309748e-01
4.499152653477401e-01  4.249639747369248e-01
4.484996012349109e-01  4.268379609160260e-01
4.472507550815829e-01  4.284790096712962e-01
4.461305650955607e-01  4.298953810910750e-01
4.451211601120930e-01  4.311082849296924e-01
4.442451630519857e-01  4.321504995885503e-01
4.434852568635129e-01  4.330561114517240e-01
4.428185568578092e-01  4.338362464493465e-01
4.422085868784305e-01  4.344866307149550e-01
4.416944823461953e-01  4.350475320022396e-01
4.412625483252952e-01  4.355360069976077e-01
4.408935714784106e-01  4.359665621842644e-01
4.405597467357305e-01  4.363214962856962e-01
4.402723512826454e-01  4.366271862601872e-01
4.400402754607898e-01  4.369065225160008e-01
4.398327880777826e-01  4.371396392527321e-01
4.396439468363391e-01  4.373299135444133e-01
4.394855743879414e-01  4.374980859638875e-01
4.393447340952714e-01  4.376390891989745e-01
4.392233135801418e-01  4.377621007672283e-01

5.766636259402337e-01  4.666648506342158e-01
5.070511681625133e-01  4.172575849422693e-01
4.818976846076710e-01  4.012716035194335e-01
4.724847146809212e-01  3.984269136592477e-01
4.679825862443439e-01  3.998883130690276e-01
4.650247628059965e-01  4.028121678656656e-01
4.625606017952982e-01  4.062002611924505e-01
4.602665558465930e-01  4.096289225375635e-01
4.580985195459076e-01  4.129470767145351e-01
4.560399539234642e-01  4.160424738826988e-01
4.541138634004529e-01  4.188990368783671e-01
4.523442568455865e-01  4.214834338832498e-01
4.507272112099571e-01  4.237973962958358e-01
4.492522878143217e-01  4.258293757360948e-01
4.479062327801594e-01  4.275891739287334e-01
4.467317589183885e-01  4.291400307859232e-01
4.456599219766930e-01  4.304595387718965e-01
4.447031752029050e-01  4.315757740926179e-01
4.438854241709853e-01  4.325602911169740e-01
4.431889533283692e-01  4.334290834631455e-01
4.425410372624813e-01  4.341419760510947e-01
4.419708854252074e-01  4.347521634345626e-01
4.415070412343611e-01  4.352870594968371e-01
4.411072999786174e-01  4.357538404494412e-01
4.407555372284085e-01  4.361510754509575e-01
4.404201035593745e-01  4.364594602589993e-01
4.401682559414961e-01  4.367628944108248e-01
4.399393604977808e-01  4.370120647568653e-01

4.099987766545038e-01  5.000005208622301e-01
3.982283818025515e-01  4.801637862480511e-01
3.966699070709504e-01  4.724466409566167e-01
3.985196749965818e-01  4.684927887922244e-01
4.015776986590038e-01  4.657197291123716e-01
4.050088363132561e-01  4.632930585485948e-01
4.084870600205933e-01  4.610013958140524e-01
4.118697422405006e-01  4.588121668321765e-01
4.150352809192392e-01  4.567006901946811e-01
4.179717695421899e-01  4.547309240919153e-01
4.206399897877485e-01  4.529082073860817e-01
4.230565223417703e-01  4.512434389723590e-01
4.251851172369622e-01  4.497276423908809e-01
4.270342056470300e-01  4.483336843794536e-01
4.286510932185478e-01  4.471041444266542e-01
4.300466579368739e-01  4.460036559614663e-01
4.312530510845434e-01  4.450234213380679e-01
4.322750896181811e-01  4.441586845658128e-01
4.331551005693970e-01  4.434001999932694e-01
4.339368729491407e-01  4.427576677157216e-01
4.345720211591603e-01  4.421528498511633e-01
4.351305220230748e-01  4.416573350156838e-01
4.355972444982121e-01  4.412189147819261e-01
4.360112166955011e-01  4.408475818556489e-01
4.363773889519399e-01  4.405370673284616e-01
4.366788614388883e-01  4.402555828810265e-01
4.369380636335634e-01  4.400127899613054e-01
4.371572400879210e-01  4.397997912568959e-01

4.433353305263458e-01  5.000039347597086e-01
4.228886545799567e-01  4.706484937741823e-01
4.186369996873439e-01  4.602366271182674e-01
4.192361431436790e-01  4.557157843446920e-01
4.211625061112518e-01  4.531162429971425e-01
4.233332031203432e-01  4.512220122354541e-01
4.253821184278015e-01  4.496540677442306e-01
4.272074186239699e-01  4.482638836113845e-01
4.287938752013756e-01  4.470317912546092e-01
4.301760214300382e-01  4.459409257277246e-01
4.313437259179903e-01  4.449504627126338e-01
4.323497056998821e-01  4.440900947634486e-01
4.332523034540713e-01  4.433707257637560e-01
4.339931231388590e-01  4.427040709673206e-01
4.346424719198884e-01  4.421265921039247e-01
4.351821347591854e-01  4.416270888145952e-01
4.356299253298495e-01  4.411802507755596e-01
4.360544764600847e-01  4.408290030179381e-01
4.364099405537200e-01  4.405161245947883e-01
4.366838879806568e-01  4.402153459254763e-01
4.369520447232992e-01  4.399877103750982e-01
4.371697455885841e-01  4.397790006320476e-01
4.373607412434461e-01  4.396026256397289e-01
4.375251124059321e-01  4.394506031548850e-01
4.376663681281182e-01  4.393180251626901e-01
4.377859347846206e-01  4.391997160329335e-01
4.378861392860923e-01  4.390933989658770e-01
4.379754192730435e-01  4.390026609732645e-01

4.766618805103480e-01  4.999960275739846e-01
4.442406834058940e-01  4.628299654325330e-01
4.350019329210283e-01  4.506710922256886e-01
4.328680316257695e-01  4.462921774717886e-01
4.328901320890444e-01  4.444453752427380e-01
4.334600981377441e-01  4.434133895228408e-01
4.341038754924433e-01  4.426692125110153e-01
4.346791916604210e-01  4.420403439417789e-01
4.352292347624704e-01  4.415702225610000e-01
4.357116939322088e-01  4.411705925894453e-01
4.361178786104976e-01  4.408127392421802e-01
4.364462695188675e-01  4.404839750950868e-01
4.367194164908536e-01  4.401918129076497e-01
4.369820817434081e-01  4.399672399726020e-01
4.371976059270615e-01  4.397629608268006e-01
4.373829905631277e-01  4.395870822451857e-01
4.375406840972538e-01  4.394336000913878e-01
4.376576598664674e-01  4.392817807755949e-01
4.377827655628728e-01  4.391736912193587e-01
4.378873900648719e-01  4.390747206978458e-01
4.379758378879440e-01  4.389858619695584e-01
4.380597078240965e-01  4.389150863208812e-01
4.381255042130393e-01  4.388473812813475e-01
4.381770108292685e-01  4.387840470757511e-01
4.382023451888991e-01  4.387116837642555e-01
4.382590222410829e-01  4.386852528239143e-01
4.382978001580444e-01  4.386539308815735e-01
4.383257993557239e-01  4.386229710963993e-01

5.099855334152655e-01  4.999871628333406e-01
4.631382695896772e-01  4.554496311190572e-01
4.479948178732776e-01  4.416015010270733e-01
4.431118701308636e-01  4.376633561795308e-01
4.413777693477952e-01  4.367054617237650e-01
4.406539942321119e-01  4.366397949184897e-01
4.402289028931649e-01  4.367776512316821e-01
4.399715563201975e-01  4.370058295229716e-01
4.397583199977152e-01  4.372096342698084e-01
4.395859630910557e-01  4.373963818482001e-01
4.394266610950137e-01  4.375463723612037e-01
4.392923240804011e-01  4.376793961535209e-01
4.391780670571638e-01  4.377972074219763e-01
4.390839251299697e-01  4.379054566497498e-01
4.389979545496665e-01  4.379959008658191e-01
4.389315655326521e-01  4.380829435916783e-01
4.388537942326883e-01  4.381382788749495e-01
4.387699082452400e-01  4.381679704230232e-01
4.387053123256547e-01  4.382003274097819e-01
4.386566361479691e-01  4.382339214802015e-01
4.386262271728020e-01  4.382730582996723e-01
4.386070616174211e-01  4.383123705000628e-01
4.385909985331709e-01  4.383453465133180e-01
4.385463996552998e-01  4.383417732119604e-01
4.385376388472909e-01  4.383672303178524e-01
4.385325604492241e-01  4.383907525270354e-01
4.385231566258272e-01  4.384051866387781e-01
4.385168567697294e-01  4.384186966407387e-01

5.433199466661174e-01  4.999856742247749e-01
4.806850310235691e-01  4.478791128268152e-01
4.593429693276898e-01  4.319434290056819e-01
4.518652792431981e-01  4.283486188350823e-01
4.486936181978881e-01  4.283801573990242e-01
4.469764348794762e-01  4.294128857103900e-01
4.457328797356337e-01  4.305650492399138e-01
4.447213382043457e-01  4.316233881639960e-01
4.439111896877398e-01  4.326151533691936e-01
4.431931034101468e-01  4.334593777703026e-01
4.425319966596477e-01  4.341562462204582e-01
4.419550686532062e-01  4.347561903293293e-01
4.415002358591857e-01  4.352975653704281e-01
4.411005381973350e-01  4.357619159115956e-01
4.407476593796747e-01  4.361558681922400e-01
4.404326899785145e-01  4.364835070999271e-01
4.401634198639461e-01  4.367677807828223e-01
4.399251378466567e-01  4.370060420863065e-01
4.397160794329585e-01  4.372069270006901e-01
4.395383311254862e-01  4.373822103925165e-01
4.394053450833858e-01  4.375539032754961e-01
4.392767139673331e-01  4.376888066672485e-01
4.391655392322641e-01  4.378064733504863e-01
4.390752383127002e-01  4.379157495049625e-01
4.389821237530365e-01  4.379967289998776e-01
4.388842117133337e-01  4.380497475808851e-01
4.388324320086896e-01  4.381285259649979e-01
4.387116231676809e-01  4.381187631020270e-01

5.766684391735367e-01  4.999990831968981e-01
4.984161746833051e-01  4.407493120651696e-01
4.704501595777905e-01  4.215990480977524e-01
4.604807328586516e-01  4.178261339716937e-01
4.560657208620885e-01  4.186090686888621e-01
4.534812830544639e-01  4.206405695234516e-01
4.515598117506360e-01  4.228724703259542e-01
4.499464376578124e-01  4.249621005826747e-01
4.485165697457641e-01  4.268253816846426e-01
4.472592629257194e-01  4.284613774491860e-01
4.461364439293644e-01  4.298777976053620e-01
4.451352736797739e-01  4.311036472209344e-01
4.442517385060333e-01  4.321400888228478e-01
4.435080984222626e-01  4.330667677546096e-01
4.428260022692301e-01  4.338330630103653e-01
4.422165860125084e-01  4.344858290339665e-01
4.417014662894478e-01  4.350472107143226e-01
4.412795936551819e-01  4.355477986854507e-01
4.409089649864881e-01  4.359780030942787e-01
4.405824568691699e-01  4.363414646165377e-01
4.402980376200900e-01  4.366514269606283e-01
4.400467648423641e-01  4.369116822064867e-01
4.398339906443544e-01  4.371397737510617e-01
4.396412655380842e-01  4.373262561951223e-01
4.394808231580911e-01  4.374922929009411e-01
4.393443844789722e-01  4.376377580346515e-01
4.392222769185327e-01  4.377601245052469e-01
4.391239272304178e-01  4.378742085061433e-01

4.433281471323518e-01  5.333279581490475e-01
4.119783976030425e-01  4.888265634523019e-01
4.040810927145053e-01  4.731482274748450e-01
4.040743248134076e-01  4.667160958788192e-01
4.065212839361703e-01  4.631513207892403e-01
4.096409055062015e-01  4.605006479303413e-01
4.128643848059259e-01  4.582204872781975e-01
4.159705062690017e-01  4.561464394471473e-01
4.188176034453108e-01  4.541939966240368e-01
4.214088997984141e-01  4.524137752473048e-01
4.237256961925831e-01  4.507823831549831e-01
4.257656078275502e-01  4.493016152985417e-01
4.275382165162441e-01  4.479531331417702e-01
4.290946316084054e-01  4.467703437898682e-01
4.304210952285253e-01  4.456957967378253e-01
4.315406596855757e-01  4.447321913903275e-01
4.325301947824788e-01  4.439113051980600e-01
4.333836339299614e-01  4.431941567490456e-01
4.341190227622085e-01  4.425626007672543e-01
4.347350200607909e-01  4.419911920204792e-01
4.352325732789859e-01  4.414866264760372e-01
4.357008289611554e-01  4.410864135658352e-01
4.361224688775134e-01  4.407551538740070e-01
4.364688557513958e-01  4.404530761388447e-01
4.367651069125622e-01  4.401905202891342e-01
4.369888170848970e-01  4.399338751688339e-01
4.371956093901387e-01  4.397271477752023e-01
4.374005851440884e-01  4.395754465656603e-01

4.766613574245863e-01  5.333288038267470e-01
4.353456455348043e-01  4.802526755311085e-01
4.238866325202282e-01  4.621931212933951e-01
4.221719941010579e-01  4.554556269104342e-01
4.232374574397565e-01  4.522395083301927e-01
4.249805959298186e-01  4.502237766135300e-01
4.267578282987867e-01  4.486723513026667e-01
4.283770389409666e-01  4.473692610793542e-01
4.298006066220091e-01  4.462285076014162e-01
4.310391803350281e-01  4.452157848531375e-01
4.320818454833338e-01  4.443196750658128e-01
4.330197168386150e-01  4.435698860862749e-01
4.338110160480278e-01  4.428967362561814e-01
4.344751447194021e-01  4.422855237977297e-01
4.350376619818153e-01  4.417571619992499e-01
4.355204483859020e-01  4.413091991225123e-01
4.359632551665088e-01  4.409432652305795e-01
4.363264048262008e-01  4.406088817487480e-01
4.366278133116162e-01  4.403104778535629e-01
4.368974234858064e-01  4.400632751165930e-01
4.371271302028368e-01  4.398479513970009e-01
4.373185906464863e-01  4.396563480149105e-01
4.374843088445091e-01  4.394922467931990e-01
4.376272803519540e-01  4.393505998355905e-01
4.377523972604284e-01  4.392291664793827e-01
4.378362146665548e-01  4.390986401215312e-01
4.379409005169110e-01  4.390163270884814e-01
4.380127951718002e-01  4.389254961390577e-01

5.099861777229758e-01  5.333230536940744e-01
4.561338105386356e-01  4.735864904856857e-01
4.391059465554630e-01  4.535393149527096e-01
4.345829412540426e-01  4.468764495826104e-01
4.337809604431763e-01  4.443359567422903e-01
4.340240500849219e-01  4.431051471048895e-01
4.345265387114025e-01  4.423304414671225e-01
4.350241877341958e-01  4.417397892891664e-01
4.355241210686324e-01  4.413090805213444e-01
4.359372681928710e-01  4.409152557656745e-01
4.363182916413487e-01  4.405994407292753e-01
4.366098731407549e-01  4.402920692175313e-01
4.368887147774852e-01  4.400542799354014e-01
4.371238480880827e-01  4.398445638531125e-01
4.373199716313473e-01  4.396576363276026e-01
4.374792060979396e-01  4.394871962651838e-01
4.376162788764971e-01  4.393399387818541e-01
4.377472811597463e-01  4.392242399135034e-01
4.378566277621837e-01  4.391189225606357e-01
4.379536627962013e-01  4.390289551667394e-01
4.380127271983980e-01  4.389252979321381e-01
4.380710020365663e-01  4.388425233205538e-01
4.381397560074106e-01  4.387896831902035e-01
4.382187745764170e-01  4.387643140637981e-01
4.382656548774352e-01  4.387225387563308e-01
4.382897049709428e-01  4.386717254206371e-01
4.383132354334082e-01  4.386321323821871e-01
4.383366800143548e-01  4.386026041151766e-01

5.433240087857945e-01  5.333241502895923e-01
4.749277095655123e-01  4.677424161990261e-01
4.514261842259048e-01  4.455605370748092e-01
4.440001375576628e-01  4.390340045840531e-01
4.415247771242357e-01  4.372748062860813e-01
4.405728678247083e-01  4.369233370308448e-01
4.401372846515814e-01  4.370014557780411e-01
4.398581630835011e-01  4.371636426493341e-01
4.396455709923531e-01  4.373303580235234e-01
4.394767258944141e-01  4.374880632742764e-01
4.393380827355228e-01  4.376312016846912e-01
4.392167000652853e-01  4.377543833080422e-01
4.391160743168910e-01  4.378658016219673e-01
4.390292789902338e-01  4.379634256621106e-01
4.389446193448626e-01  4.380405346626400e-01
4.388661591131688e-01  4.381021293126000e-01
4.387959398508468e-01  4.381525331391603e-01
4.387291078105707e-01  4.381888418818360e-01
4.386920646954334e-01  4.382396265313143e-01
4.386660326002856e-01  4.382877164138159e-01
4.386406527098554e-01  4.383250073631089e-01
4.386051899269825e-01  4.383420236868525e-01
4.385790075466163e-01  4.383596859500354e-01
4.385650228933825e-01  4.383823797016926e-01
4.385472066517070e-01  4.383951891774945e-01
4.385287064456040e-01  4.384022258116423e-01
4.385165277941345e-01  4.384112570463555e-01
4.385049359526998e-01  4.384173840229507e-01

5.766685917546112e-01  5.333355686453646e-01
4.926698132491852e-01  4.621960565750678e-01
4.622436797584676e-01  4.373864133046644e-01
4.520896686428406e-01  4.309495910607604e-01
4.481687261218540e-01  4.299711654802417e-01
4.462599345131219e-01  4.305588114824825e-01
4.450241120814345e-01  4.314797934536762e-01
4.441089389738871e-01  4.324275093970853e-01
4.433496523354808e-01  4.332820367037305e-01
4.426751779359851e-01  4.340079596506533e-01
4.420776632461597e-01  4.346290207698412e-01
4.415944590360240e-01  4.351785213203304e-01
4.411625255927794e-01  4.356372177969728e-01
4.408195296994616e-01  4.360663636442618e-01
4.405077555278778e-01  4.364203346974402e-01
4.402301130788531e-01  4.367155455593438e-01
4.399866577221131e-01  4.369654106873642e-01
4.397840176469698e-01  4.371870898215090e-01
4.395873608060197e-01  4.373556238995505e-01
4.394465937086046e-01  4.375298963445971e-01
4.393087869632699e-01  4.376644833073586e-01
4.391827499766243e-01  4.377746015568043e-01
4.390853154020871e-01  4.378830924498690e-01
4.390042355088624e-01  4.379815691666234e-01
4.389252062186069e-01  4.380586706657049e-01
4.388519035897744e-01  4.381203557905513e-01
4.387715311195744e-01  4.381559033156163e-01
4.387307748199935e-01  4.382142065723915e-01

4.433282921954189e-01  5.666610898934697e-01
4.019863693155347e-01  5.091290783545516e-01
3.879592070722837e-01  4.886142818494599e-01
3.845145570473469e-01  4.810985208941239e-01
3.848114320945775e-01  4.777024031280723e-01
3.865364142428374e-01  4.755014361070538e-01
3.889674902123891e-01  4.735578947410722e-01
3.918334828542110e-01  4.715868264098266e-01
3.949770516498924e-01  4.694967643450250e-01
3.983490011550068e-01  4.673182082482004e-01
4.018859466227828e-01  4.651005644039208e-01
4.054691356850514e-01  4.628550218993406e-01
4.089563637037490e-01  4.606156015058664e-01
4.123440649237193e-01  4.584724344112509e-01
4.155177056702454e-01  4.564186578383537e-01
4.184151840495339e-01  4.544614194885734e-01
4.210567347130920e-01  4.526662635956126e-01
4.234112699742972e-01  4.510056065158731e-01
4.254703259435951e-01  4.494901299943483e-01
4.272884060041955e-01  4.481281045144094e-01
4.288827823965697e-01  4.469309519347577e-01
4.302413489244634e-01  4.458434545856834e-01
4.314142335624363e-01  4.448819016951084e-01
4.324104920002219e-01  4.440305049264289e-01
4.332720435124771e-01  4.432891844885017e-01
4.340085707765057e-01  4.426330005479225e-01
4.346420119218022e-01  4.420541607149079e-01
4.351792072264230e-01  4.415653578087505e-01

4.766559681908157e-01  5.666575674820050e-01
4.268299228414150e-01  4.983180597404876e-01
4.117239527054555e-01  4.741007041325020e-01
4.094114355388922e-01  4.650611200587014e-01
4.110367838076922e-01  4.607531213480681e-01
4.137620741095440e-01  4.579815408199783e-01
4.166791685261170e-01  4.557823774816255e-01
4.194166729653332e-01  4.538081022666527e-01
4.219361045083609e-01  4.520443434632703e-01
4.241904993741018e-01  4.504518097352788e-01
4.261794160030444e-01  4.490071533281701e-01
4.279050759280725e-01  4.477022678592834e-01
4.294009748962553e-01  4.465338149520512e-01
4.306634861694371e-01  4.454628063014826e-01
4.317681098680274e-01  4.445504783695526e-01
4.327257971832785e-01  4.437504918752097e-01
4.335641746667388e-01  4.430637146928991e-01
4.342820662357407e-01  4.424525222394335e-01
4.348745476471563e-01  4.418967393176036e-01
4.353619576316022e-01  4.414144956052743e-01
4.358136583183507e-01  4.410226760060052e-01
4.362109376507119e-01  4.406912476082175e-01
4.365440935173435e-01  4.403971112975683e-01
4.368090164652754e-01  4.401220851370177e-01
4.370418975792627e-01  4.398898970371717e-01
4.372522100014553e-01  4.396997672909276e-01
4.373636360439485e-01  4.394681163138396e-01
4.375643190752808e-01  4.393715830488628e-01

5.099910365577145e-01  5.666629848626612e-01
4.493062805748136e-01  4.911122209907348e-01
4.296718921041610e-01  4.644898881875437e-01
4.252311253194092e-01  4.552028954760763e-01
4.253302196373320e-01  4.513286553196328e-01
4.266034510600545e-01  4.491668609657922e-01
4.281159984730868e-01  4.476747967034008e-01
4.295500306914197e-01  4.464721064443320e-01
4.307994153665003e-01  4.454091702242063e-01
4.318639987704316e-01  4.444803727879582e-01
4.328260568771610e-01  4.437046167969558e-01
4.336470227360435e-01  4.430187980978061e-01
4.343252164637834e-01  4.423858205816132e-01
4.349131225561839e-01  4.418436806315895e-01
4.354285572207517e-01  4.414002009919021e-01
4.358622567639389e-01  4.410011564048137e-01
4.362524354362571e-01  4.406720364676784e-01
4.365739767405406e-01  4.403744612552586e-01
4.368557786130474e-01  4.401229319834109e-01
4.370667250836581e-01  4.398750956280873e-01
4.372736744680342e-01  4.396866195313970e-01
4.374381343296236e-01  4.395111864220381e-01
4.375771933076550e-01  4.393571768091148e-01
4.377141133502829e-01  4.392399236708592e-01
4.378122392336131e-01  4.391175551200918e-01
4.379302193511077e-01  4.390428046189965e-01
4.380230599160408e-01  4.389677261064369e-01
4.380889343187361e-01  4.388878521995856e-01

5.433253218460823e-01  5.666601684099164e-01
4.697410225439586e-01  4.859772073783118e-01
4.438359254334082e-01  4.569605511177958e-01
4.364452922134035e-01  4.475432861889130e-01
4.346976206621391e-01  4.442040416934748e-01
4.346168953160101e-01  4.427807352904738e-01
4.349561190228455e-01  4.419710691983819e-01
4.353989596705015e-01  4.414442219897173e-01
4.358117393180507e-01  4.410152504194010e-01
4.362089862101294e-01  4.406845715383783e-01
4.365302011374234e-01  4.403797242056934e-01
4.368357948586387e-01  4.401455003946371e-01
4.370761929606035e-01  4.399200290469493e-01
4.372698621558134e-01  4.397128952512242e-01
4.374270440182956e-01  4.395266396642131e-01
4.375726728738744e-01  4.393753860891035e-01
4.376902752727157e-01  4.392363147184974e-01
4.378177829901898e-01  4.391403167338394e-01
4.379251192709494e-01  4.390526316921271e-01
4.380141919265211e-01  4.389719178247330e-01
4.380915272539441e-01  4.389017011268327e-01
4.381476799792532e-01  4.388306830867691e-01
4.381708735847120e-01  4.387449394324222e-01
4.382077995344952e-01  4.386891197971014e-01
4.382658264040247e-01  4.386685394769428e-01
4.382982684531612e-01  4.386346465497782e-01
4.383322664851568e-01  4.386127658779585e-01
4.383316239821733e-01  4.385654707259143e-01

5.766520458007330e-01  5.666535102172467e-01
4.885730967885720e-01  4.818882916012188e-01
4.555339815606003e-01  4.502023541165692e-01
4.450924012239925e-01  4.406115293587339e-01
4.417180233679592e-01  4.378913680516450e-01
4.405331406335857e-01  4.372507120361072e-01
4.400210100476097e-01  4.372016566686482e-01
4.397405600133106e-01  4.373181833432351e-01
4.395466270594322e-01  4.374659786342430e-01
4.393705567359062e-01  4.375841559712085e-01
4.392306960514038e-01  4.376987248771661e-01
4.391178416090431e-01  4.378072399707713e-01
4.390400169026965e-01  4.379228886801463e-01
4.389614261515406e-01  4.380126255798784e-01
4.388743439201099e-01  4.380716653726811e-01
4.388186859374876e-01  4.381420037726995e-01
4.387658756396159e-01  4.381972895352291e-01
4.386949383794031e-01  4.382183369625535e-01
4.386655767635538e-01  4.382669471551834e-01
4.386408572182013e-01  4.383080720311965e-01
4.386169787034180e-01  4.383394239785027e-01
4.385957467778254e-01  4.383644078543896e-01
4.385694727977106e-01  4.383767833768266e-01
4.385517303804254e-01  4.383913006025029e-01
4.385353610351663e-01  4.384018621498032e-01
4.384957125484222e-01  4.383846454375980e-01
4.385055308725300e-01  4.384131130966296e-01
4.384984560463170e-01  4.384216049939811e-01

4.766593535675089e-01  5.999929871908948e-01
4.198852547747121e-01  5.183071831102556e-01
3.991150942669311e-01  4.876418069919375e-01
3.943637005525173e-01  4.765272678753603e-01
3.950462120067100e-01  4.715802997457688e-01
3.975772030796493e-01  4.684989239338595e-01
4.008105293545104e-01  4.659818713364881e-01
4.043138010627666e-01  4.636538959707618e-01
4.078394386839512e-01  4.613917688896435e-01
4.112549599462169e-01  4.591946067547574e-01
4.144665457774707e-01  4.570687692397475e-01
4.174560202865386e-01  4.550810099726591e-01
4.201163482608150e-01  4.531911013046142e-01
4.226214852753974e-01  4.515379920928297e-01
4.248061449474699e-01  4.500004258258193e-01
4.267075899697811e-01  4.485860681484189e-01
4.283525945565697e-01  4.473186669499428e-01
4.298040904009305e-01  4.462093242932391e-01
4.310432191612545e-01  4.452006880169803e-01
4.320783939873465e-01  4.443001301951368e-01
4.329915699899675e-01  4.435304230778938e-01
4.337781317419023e-01  4.428575055243589e-01
4.344415328057169e-01  4.422474938955333e-01
4.350050529915204e-01  4.417229990710825e-01
4.355098528171204e-01  4.412975139442694e-01
4.359246977189928e-01  4.409056286441852e-01
4.363231002014153e-01  4.406063983274813e-01
4.366390394972665e-01  4.403219220064881e-01

5.099899352289782e-01  5.999946847969416e-01
4.433602451322662e-01  5.093500775783059e-01
4.198447877662619e-01  4.756099903692018e-01
4.147635779152936e-01  4.636943852933438e-01
4.153823466054878e-01  4.586087178416281e-01
4.175988074781123e-01  4.557094364951539e-01
4.200944922333013e-01  4.535619854592045e-01
4.224857808787285e-01  4.517463308437393e-01
4.246382256724139e-01  4.501386654823620e-01
4.265530621938087e-01  4.487056405129873e-01
4.282322737607830e-01  4.474378747328587e-01
4.296895253996663e-01  4.463046661296822e-01
4.309178186247467e-01  4.452633237129587e-01
4.320225353571979e-01  4.444047682653388e-01
4.329290795446098e-01  4.436057806576144e-01
4.337162116471305e-01  4.429150379171927e-01
4.343979860592492e-01  4.423077653959217e-01
4.349740121327575e-01  4.417779612801895e-01
4.354789831223447e-01  4.413406360007376e-01
4.358870171286832e-01  4.409319903267297e-01
4.362811794923545e-01  4.406205693048565e-01
4.365884293439157e-01  4.403204183916818e-01
4.368702581181437e-01  4.400785164574351e-01
4.371030422463368e-01  4.398605242164622e-01
4.372790698765992e-01  4.396490434046765e-01
4.374604469343947e-01  4.394963752450868e-01
4.376065126312069e-01  4.393542882361262e-01
4.377420515582384e-01  4.392400106100869e-01

5.433155088583072e-01  5.999820392359299e-01
4.650540204727801e-01  5.038285067721859e-01
4.360216155571493e-01  4.674479266373883e-01
4.284282522166372e-01  4.551957443546499e-01
4.274175687840647e-01  4.505199631682151e-01
4.282190848017622e-01  4.482091059277636e-01
4.294465155900752e-01  4.467372229437861e-01
4.306580972284280e-01  4.455911901531285e-01
4.317321316763160e-01  4.446275237435814e-01
4.326811649299472e-01  4.438040711093558e-01
4.335265593686600e-01  4.431103429504195e-01
4.342192931168119e-01  4.424654490033297e-01
4.348296765999585e-01  4.419173167054464e-01
4.353608490638561e-01  4.414675453351742e-01
4.357830349650416e-01  4.410397152630511e-01
4.361749175698774e-01  4.406968115340960e-01
4.365069557162848e-01  4.403959981830270e-01
4.367700953277281e-01  4.401146729562407e-01
4.370225621229427e-01  4.398977397778731e-01
4.372293619840433e-01  4.397004683541779e-01
4.373992351875530e-01  4.395224440008506e-01
4.375726171459755e-01  4.393955341107226e-01
4.377161506724435e-01  4.392792451741973e-01
4.378161828488613e-01  4.391535842640680e-01
4.379188209794397e-01  4.390593900787847e-01
4.380038739032235e-01  4.389729092265081e-01
4.380777829681888e-01  4.388979458567300e-01
4.381365945080718e-01  4.388282008074494e-01

5.766669637033053e-01  6.000016784936247e-01
4.851425522650482e-01  5.003203173945178e-01
4.491524968908706e-01  4.611077503840201e-01
4.384430981169418e-01  4.484710616666272e-01
4.356320959820472e-01  4.441935091167702e-01
4.351779516531625e-01  4.425167139162209e-01
4.353976955110280e-01  4.417142834212593e-01
4.357520615763504e-01  4.411883570925250e-01
4.361249298191253e-01  4.408007150480538e-01
4.364535022405493e-01  4.404745828318826e-01
4.367396614627145e-01  4.401970222160224e-01
4.369917210238059e-01  4.399636263132145e-01
4.371951313886931e-01  4.397493296148573e-01
4.373900356808376e-01  4.395843198332571e-01
4.375453921807009e-01  4.394297285141920e-01
4.376844269449947e-01  4.393008219177508e-01
4.378001367945671e-01  4.391838555079575e-01
4.378779066068769e-01  4.390591540336830e-01
4.379833850682429e-01  4.389881968839973e-01
4.380680941903740e-01  4.389190834242120e-01
4.381337898112407e-01  4.388517025009736e-01
4.381753585582329e-01  4.387791558804643e-01
4.382031869469393e-01  4.387097049166004e-01
4.382381480481175e-01  4.386621605860081e-01
4.382960610005520e-01  4.386502593346155e-01
4.383227892290567e-01  4.386183633408447e-01
4.383480548278951e-01  4.385944558885719e-01
4.383482991665861e-01  4.385534908339699e-01

5.099916507773651e-01  6.333260738022385e-01
4.390893669950717e-01  5.295974906006848e-01
4.100422705513860e-01  4.879852708091321e-01
4.029376110823507e-01  4.732653936919651e-01
4.031191630320236e-01  4.670944124874980e-01
4.056415359298651e-01  4.636113749007051e-01
4.088290179430311e-01  4.609999342480504e-01
4.121161184970856e-01  4.587177802704460e-01
4.152270826551719e-01  4.565783309001685e-01
4.181514966086174e-01  4.546211988948192e-01
4.208075195604098e-01  4.528095453934635e-01
4.231995971800468e-01  4.511460738507794e-01
4.252995192339279e-01  4.496321968905488e-01
4.271421610366545e-01  4.482557200714897e-01
4.287506658745391e-01  4.470404201701937e-01
4.301426336522291e-01  4.459534647051471e-01
4.313010279771646e-01  4.449496806425425e-01
4.323276786845553e-01  4.441052911250721e-01
4.332111526320576e-01  4.433636253351222e-01
4.339493234421771e-01  4.426917992864138e-01
4.345972633523995e-01  4.421109093492899e-01
4.351473789485765e-01  4.416187047768368e-01
4.356456519498664e-01  4.412176398856279e-01
4.360192859592189e-01  4.408137056259665e-01
4.363808144915192e-01  4.405045583033340e-01
4.366693322010223e-01  4.402157945994744e-01
4.369401493350134e-01  4.399888299845973e-01
4.371628849342730e-01  4.397831891092064e-01

5.433103081400454e-01  6.333045784548448e-01
4.612610368371294e-01  5.226543571477225e-01
4.280479543825161e-01  4.781865797856012e-01
4.196003450676389e-01  4.629337112263136e-01
4.190145863982430e-01  4.569484399250277e-01
4.205983295483143e-01  4.538398386057919e-01
4.227307332091404e-01  4.517699129814307e-01
4.248027392005770e-01  4.500989025241496e-01
4.266761254470385e-01  4.486411994478425e-01
4.283253171070210e-01  4.473657983132983e-01
4.297675930733486e-01  4.462382103625114e-01
4.309946930155398e-01  4.452118126011654e-01
4.320821788115927e-01  4.443529486560768e-01
4.330099932547954e-01  4.435877338383511e-01
4.337729248911583e-01  4.428848944499881e-01
4.344392301219366e-01  4.422732887905742e-01
4.350168010993818e-01  4.417565250459609e-01
4.355169039374852e-01  4.413227163979603e-01
4.359525220610704e-01  4.409468093574051e-01
4.363237425261347e-01  4.406185591180496e-01
4.366247993135324e-01  4.403179062535353e-01
4.368898115691340e-01  4.400646479588600e-01
4.371214070828194e-01  4.398499348719647e-01
4.373207171888379e-01  4.396651896050252e-01
4.374895693239604e-01  4.395032425175651e-01
4.376308898395942e-01  4.393592289221382e-01
4.377637246116131e-01  4.392441529284750e-01
4.378661192625202e-01  4.391313826277777e-01

5.766618113488438e-01  6.333287132405875e-01
4.821375204116838e-01  5.188077489227034e-01
4.426828049433001e-01  4.715015719528369e-01
4.314430295827127e-01  4.557360504775764e-01
4.291708239857245e-01  4.500353065277412e-01
4.294807314047047e-01  4.474952764999753e-01
4.304486462940316e-01  4.460048082097517e-01
4.314670432512316e-01  4.448955325145924e-01
4.324401572862375e-01  4.440252018698901e-01
4.333143484675216e-01  4.432987206721223e-01
4.340608317419709e-01  4.426539755295689e-01
4.346904139094326e-01  4.420732175612521e-01
4.352200637735533e-01  4.415795162527769e-01
4.356931411021647e-01  4.411677424197210e-01
4.360914030847035e-01  4.408005919989523e-01
4.364195792182502e-01  4.404704040463801e-01
4.367276594463211e-01  4.402105855772608e-01
4.369560534284609e-01  4.399509197219544e-01
4.371898207565769e-01  4.397635161867461e-01
4.373775594599791e-01  4.395889030458279e-01
4.375408630624348e-01  4.394398763287887e-01
4.376602323249442e-01  4.392896139811466e-01
4.377796385060583e-01  4.391747365968923e-01
4.378869167943992e-01  4.390778258116111e-01
4.379518611078316e-01  4.389651706298674e-01
4.380587555870264e-01  4.389175077232210e-01
4.381299934922979e-01  4.388548016742468e-01
4.381570121411060e-01  4.387668277369687e-01

5.099934249266725e-01  6.666536704935002e-01
4.369274083923834e-01  5.534039508507118e-01
4.007278584295658e-01  5.030844179414351e-01
3.893931052490059e-01  4.852996634053474e-01
3.871951761439643e-01  4.784969871558023e-01
3.882453368961085e-01  4.751432503977939e-01
3.905688813042042e-01  4.727727271106013e-01
3.934509359354322e-01  4.705920579113846e-01
3.967007567408601e-01  4.684229890205160e-01
4.001835632245542e-01  4.662121128350026e-01
4.037436592162043e-01  4.639577015006668e-01
4.073064122102777e-01  4.617232972899920e-01
4.107446878055077e-01  4.595152710218105e-01
4.139926755538349e-01  4.573836537407000e-01
4.170249935328040e-01  4.553808424854830e-01
4.197974975049217e-01  4.535162711878509e-01
4.222992410262424e-01  4.517964505776924e-01
4.245091507823779e-01  4.502233644215017e-01
4.264534803229637e-01  4.487945844943505e-01
4.281054519714754e-01  4.474830547239290e-01
4.295918441942030e-01  4.463587456882153e-01
4.308459772666757e-01  4.453225541354631e-01
4.319172160123192e-01  4.444179334853361e-01
4.328596271940764e-01  4.436412294184415e-01
4.336688492391779e-01  4.429580920638020e-01
4.343548023969286e-01  4.423437659585380e-01
4.349425133056922e-01  4.418127432155370e-01
4.354541821224383e-01  4.413732854900988e-01

5.433270919352627e-01  6.666599806081028e-01
4.586703863769601e-01  5.440444035683207e-01
4.199545753749859e-01  4.904483513534348e-01
4.095268391487482e-01  4.717401439259669e-01
4.086658870893455e-01  4.643775491821654e-01
4.107648405113810e-01  4.605934235134967e-01
4.136351497901873e-01  4.579715902953700e-01
4.165734312989016e-01  4.557977465173416e-01
4.193487400762511e-01  4.538511565828398e-01
4.218807240581160e-01  4.520896755158071e-01
4.241401657691150e-01  4.504903166378484e-01
4.261287260746139e-01  4.490352964929629e-01
4.278505091081343e-01  4.477184033969624e-01
4.293599383069646e-01  4.465563668946773e-01
4.306469609997206e-01  4.455004197785994e-01
4.317427488512402e-01  4.445709401763213e-01
4.326968487526149e-01  4.437627110872018e-01
4.335205008423588e-01  4.430584365808628e-01
4.342390542107030e-01  4.424452714319469e-01
4.348375416826195e-01  4.418921346396362e-01
4.353432936546061e-01  4.414236647472540e-01
4.357816858681309e-01  4.410156558916240e-01
4.361800745176668e-01  4.406824549910967e-01
4.365075447593785e-01  4.403816533342003e-01
4.368004598224719e-01  4.401310019335629e-01
4.370411091286519e-01  4.399041752314394e-01
4.372517958808432e-01  4.397121314522515e-01
4.374343453259601e-01  4.395480352610618e-01

5.766600000630098e-01  6.666600000780147e-01
4.796423572150753e-01  5.389293643317518e-01
4.358704500271017e-01  4.825497514265019e-01
4.234807205736490e-01  4.632620870796583e-01
4.215231570469367e-01  4.561162749778553e-01
4.225804898126103e-01  4.527604857697749e-01
4.243825565603686e-01  4.506770787052951e-01
4.262047103024681e-01  4.490600161600116e-01
4.279002122566763e-01  4.477202038558286e-01
4.293918051033507e-01  4.465449068044167e-01
4.306568134032163e-01  4.454734512003858e-01
4.317904250145838e-01  4.445837203586242e-01
4.327544543821569e-01  4.437850971679091e-01
4.335714242877568e-01  4.430754337061477e-01
4.342563513168147e-01  4.424326776861708e-01
4.348399475348485e-01  4.418696436984961e-01
4.353782830962905e-01  4.414353989145367e-01
4.358292751641588e-01  4.410411752572526e-01
4.362045105219450e-01  4.406879163665793e-01
4.365408137031642e-01  4.403963112735281e-01
4.368199125795189e-01  4.401346487545861e-01
4.370529591175122e-01  4.399022055470003e-01
4.372560787036487e-01  4.397043569124498e-01
4.374095149386288e-01  4.395135182251179e-01
4.375762949104994e-01  4.393832513127300e-01
4.377199885425459e-01  4.392691553853705e-01
4.378375337250329e-01  4.391625899149064e-01
4.379306577540194e-01  4.390603558603048e-01

5.433375038107653e-01  7.000178377224379e-01
4.573487996477999e-01  5.703713449519217e-01
4.117921197830613e-01  5.062838125598705e-01
3.972249122841509e-01  4.832722931813969e-01
3.946143430020653e-01  4.745887202237502e-01
3.960023308382278e-01  4.703580551571434e-01
3.988278903837174e-01  4.675052356152334e-01
4.021856598493867e-01  4.650660224272639e-01
4.057094548840572e-01  4.627551518373274e-01
4.091971591427794e-01  4.605109539538809e-01
4.125519143146643e-01  4.583480715523985e-01
4.156720612946985e-01  4.562730423251649e-01
4.185636907649523e-01  4.543365522210461e-01
4.212025934085553e-01  4.525648722546665e-01
4.235488029141997e-01  4.509211131557171e-01
4.255964594976732e-01  4.494162453950058e-01
4.273592441356259e-01  4.480274678425565e-01
4.289475135864895e-01  4.468482324661120e-01
4.303064375447032e-01  4.457789283287241e-01
4.314451418596772e-01  4.448065319827357e-01
4.324725052970653e-01  4.439977323439629e-01
4.333175482996292e-01  4.432525346695629e-01
4.340768643923987e-01  4.426283866768189e-01
4.346927013945645e-01  4.420410311468554e-01
4.352147500650752e-01  4.415464071945144e-01
4.356946546525952e-01  4.411455867593089e-01
4.360958723565362e-01  4.407847573076520e-01
4.364401481172608e-01  4.404729048724670e-01

5.766600127529502e-01  6.999928883722076e-01
4.777629143934654e-01  5.627944927033474e-01
4.285166222265236e-01  4.958535767667793e-01
4.138159640925550e-01  4.722903941229979e-01
4.116132445902834e-01  4.635111791640258e-01
4.132023979508046e-01  4.593380057486257e-01
4.157764332990973e-01  4.566368761253051e-01
4.185163054589116e-01  4.545129192466434e-01
4.211299439925598e-01  4.526856280002825e-01
4.234489396475624e-01  4.509918473091291e-01
4.255133362039870e-01  4.494842730927612e-01
4.273188438669183e-01  4.481144578646764e-01
4.289020910346822e-01  4.469127371973255e-01
4.302734376806923e-01  4.458397109053506e-01
4.314120857175787e-01  4.448521018367169e-01
4.324192017020463e-01  4.440156226597162e-01
4.332879033301348e-01  4.432836987455450e-01
4.340410472637461e-01  4.426447887224640e-01
4.346504150068640e-01  4.420447554223499e-01
4.351921547641182e-01  4.415624315836457e-01
4.356648874267118e-01  4.411499645126386e-01
4.360772857113543e-01  4.407959740952073e-01
4.364027641048977e-01  4.404620591017281e-01
4.367158268342897e-01  4.402062279641109e-01
4.369617466822248e-01  4.399628436635861e-01
4.371763674424266e-01  4.397559681699424e-01
4.373752397851443e-01  4.395915493081710e-01
4.375263548286399e-01  4.394297387316677e-01

5.766783667305158e-01  7.333728096669688e-01
4.768648026762096e-01  5.936646531834358e-01
4.211764892250505e-01  5.142440105891929e-01
4.016396298209913e-01  4.848046623981859e-01
3.975627438494399e-01  4.740529880708874e-01
3.985885555423426e-01  4.691415838005222e-01
4.013509356445542e-01  4.660538763411464e-01
4.047078174620301e-01  4.635409663228984e-01
4.081604349413628e-01  4.612131040049450e-01
4.115542293933392e-01  4.590139542860949e-01
4.147441113330162e-01  4.568931346211478e-01
4.177080998111430e-01  4.549123853180472e-01
4.204390377914581e-01  4.531034302346444e-01
4.228577670157925e-01  4.514010169069803e-01
4.250097062629309e-01  4.498693557704183e-01
4.268825334616106e-01  4.484623735631281e-01
4.285144046159158e-01  4.472152185916189e-01
4.299360843207981e-01  4.461081617679516e-01
4.311465854840131e-01  4.451031423684738e-01
4.322047708292593e-01  4.442474971159158e-01
4.330840165319430e-01  4.434670002051081e-01
4.338677763890561e-01  4.428082547967790e-01
4.345310620773044e-01  4.422147021009903e-01
4.350700592215991e-01  4.416843858332243e-01
4.355497279666456e-01  4.412478834001057e-01
4.359912560895488e-01  4.408933147326350e-01
4.363580676190021e-01  4.405738628444903e-01
4.366490947761788e-01  4.402743754951729e-01

