2.099438178549188e-01  7.999333504405125e-01
3.610965517120019e-01  8.532679885658769e-01
4.664733677680364e-01  8.798976295491724e-01
5.009222476432561e-01  8.881890934732887e-01
5.118311558840846e-01  8.912466704962551e-01
5.156313871779055e-01  8.928352327263837e-01
5.171754347110420e-01  8.941142387571422e-01
5.180566684208257e-01  8.954729204036023e-01
5.187783755831790e-01  8.970816558454402e-01
5.195533000359104e-01  8.990233115971156e-01
5.204590413023680e-01  9.013664742627474e-01
5.215270685230265e-01  9.041717496302329e-01
5.227881660018655e-01  9.074722724101915e-01
5.242381387785651e-01  9.112981700071884e-01
5.258868587826280e-01  9.156624230285465e-01
5.277145374242596e-01  9.205107555230703e-01
5.297159459054886e-01  9.257672061452322e-01
5.318351589472927e-01  9.313355913376805e-01
5.340131038446934e-01  9.371208055785741e-01
5.362651954994850e-01  9.429391355936843e-01
5.384879177290632e-01  9.486826034217090e-01
5.406841040354631e-01  9.542030806755830e-01
5.427775519189315e-01  9.594167908028050e-01
5.447901320279436e-01  9.642511284768709e-01
5.466441289624039e-01  9.686647096789294e-01
5.483413481774443e-01  9.726557232747308e-01
5.498962606049864e-01  9.762152086416352e-01
5.513526283696997e-01  9.793658282579487e-01

