1.499998522958007e-01  4.833302460943370e-01
1.011856083071335e-01  5.675032099802133e-01
7.787361414584464e-02  5.898468016944199e-01
6.745892721007804e-02  5.940705723642461e-01
6.035213708732799e-02  5.928977721665033e-01
5.420660610204863e-02  5.901936731218815e-01
4.848880101183028e-02  5.871016156545922e-01
4.310913101390105e-02  5.840808311110079e-01
3.810346488045858e-02  5.812238472140244e-01
3.349514385293285e-02  5.786444912168680e-01
2.930764605428748e-02  5.763251833179961e-01
2.555182521689637e-02  5.742993206415841e-01
2.220640410526623e-02  5.725183830487613e-01
1.925813604104392e-02  5.709623462666974e-01
1.666545298636672e-02  5.696345821881855e-01
1.439067580221908e-02  5.684930283575762e-01
1.242731662822338e-02  5.674902152101503e-01
1.071799421057481e-02  5.666345532447238e-01

1.500017488190135e-01  5.749992791044104e-01
1.177299521132337e-01  6.068825434559907e-01
1.067412420454938e-01  6.161417215813850e-01
1.018324581279011e-01  6.181677867518741e-01
9.847770879686139e-02  6.176653614690046e-01
9.527167658051072e-02  6.161443171090326e-01
9.176170430085297e-02  6.140381782571586e-01
8.779292864224664e-02  6.115384143412580e-01
8.332609794116615e-02  6.086967746869398e-01
7.839734399281596e-02  6.055604152882035e-01
7.308196946421489e-02  6.022642328625193e-01
6.749331251559275e-02  5.987557811325719e-01
6.172994246564543e-02  5.951720119440402e-01
5.593781528234133e-02  5.916689085774512e-01
5.025868779338686e-02  5.883070510466172e-01
4.482301405790510e-02  5.851196715069110e-01
3.970881663000156e-02  5.821690725184104e-01
3.496489676361404e-02  5.794791945657793e-01

