2.415318802882133e-01  4.835067273458634e-01
2.075659594022783e-01  5.714055929287076e-01
1.665599428735902e-01  6.192732282103102e-01
1.573734852692565e-01  6.413033502968775e-01
1.650784525216845e-01  6.564398584839948e-01
1.853445749827246e-01  6.736344444008339e-01
2.225661262231082e-01  6.992983349371427e-01
2.860071389136841e-01  7.353886692321360e-01
3.642436666084286e-01  7.604742672332928e-01
4.105533949459570e-01  7.536853857312311e-01
4.161100403406736e-01  7.162429499102340e-01
3.962194120255023e-01  6.609447168981762e-01
3.643108750537987e-01  6.170167658002979e-01
3.313108171127670e-01  6.033127830746182e-01
3.012444434116557e-01  6.170282505460715e-01
2.806896205234494e-01  6.449950387257424e-01
2.827739405595646e-01  6.741236010000067e-01
3.088297348615411e-01  6.983964418146315e-01

3.333299896255884e-01  4.833300110509456e-01
3.319990482577676e-01  5.062773719850034e-01
3.186878342504952e-01  5.283475188909911e-01
2.931258925810680e-01  5.608303598772781e-01
2.566415627795284e-01  6.068150197726057e-01
2.337904525020056e-01  6.483256851401337e-01
2.455991138700852e-01  6.826323416827085e-01
2.892409868814267e-01  7.159376427597539e-01
3.492974182545809e-01  7.371376437240066e-01
3.897618488252967e-01  7.305111016982977e-01
3.963924163975163e-01  6.970350941425811e-01
3.794967389839585e-01  6.526447538964802e-01
3.517190567222266e-01  6.222654720384623e-01
3.229874572552071e-01  6.175708495752743e-01
2.989870888886661e-01  6.338351460986396e-01
2.889117731684575e-01  6.587300089919195e-01
3.000087135420014e-01  6.827420239227300e-01
3.269323847611084e-01  6.990063930813990e-01

2.416648280918282e-01  5.749859880862063e-01
2.024543791243789e-01  6.262861270270196e-01
1.964682429497028e-01  6.575882888476730e-01
2.185829515480392e-01  6.855176487847117e-01
2.682438870597056e-01  7.196852439238031e-01
3.407061124439362e-01  7.495214819420192e-01
3.963916331417495e-01  7.513059439264013e-01
4.114475279981590e-01  7.217247497373085e-01
3.975302377193015e-01  6.710255236033803e-01
3.685346452907245e-01  6.255877280785401e-01
3.362766912808263e-01  6.073393886120999e-01
3.064970340075871e-01  6.167929687714120e-01
2.850144132969771e-01  6.423725747239585e-01
2.840996954551134e-01  6.706809201027284e-01
3.067494904443193e-01  6.948121146615545e-01
3.405177544147104e-01  7.070465545631917e-01
3.648239888459430e-01  7.005640223216462e-01
3.695207683254090e-01  6.782274975094144e-01

3.333300000313626e-01  5.749949997103363e-01
3.000487573240217e-01  5.916599560949051e-01
2.690282501333280e-01  6.266415127209817e-01
2.588836209982223e-01  6.621733826910287e-01
2.803367836221243e-01  6.940008062433921e-01
3.249632199212865e-01  7.181231338799394e-01
3.672087159585585e-01  7.216620677990961e-01
3.841162217654941e-01  7.005050299996496e-01
3.765948357684887e-01  6.650234763336064e-01
3.551518300905621e-01  6.355293716930521e-01
3.299485037785787e-01  6.260050943617971e-01
3.081222485663804e-01  6.360120041934235e-01
2.972872989260437e-01  6.562518997991085e-01
3.038872946211437e-01  6.773211447476046e-01
3.247163689114901e-01  6.922681782527352e-01
3.472110260615136e-01  6.949145593399355e-01
3.589184073478221e-01  6.838449170208040e-01
3.566905545687244e-01  6.654406625232179e-01

4.249947074540059e-01  5.749946356922058e-01
3.850272922917646e-01  5.235078254687220e-01
3.668909353093920e-01  5.066923810399495e-01
3.566221259815030e-01  5.041056375596590e-01
3.472563606052006e-01  5.083734205527957e-01
3.351506935644562e-01  5.185309471243599e-01
3.167215599712299e-01  5.374201132433746e-01
2.878314176941890e-01  5.710239949830704e-01
2.515829120538997e-01  6.167160251642101e-01
2.356458576912865e-01  6.559417040157999e-01
2.544978894003647e-01  6.898432776687516e-01
3.032549567288523e-01  7.217930891212490e-01
3.610689915280837e-01  7.370230157478401e-01
3.930498067993549e-01  7.234727339463223e-01
3.929521743546621e-01  6.857785829506062e-01
3.725987610488133e-01  6.434066098260637e-01
3.442713248524028e-01  6.194663334662138e-01
3.164748272630462e-01  6.208128017622679e-01

1.499999923040684e-01  6.666601902589147e-01
1.778614559308716e-01  6.773496131594350e-01
2.181358661752159e-01  7.008217160383187e-01
2.834847898154704e-01  7.371342823282460e-01
3.644537348418024e-01  7.635372494610204e-01
4.127898559107175e-01  7.578771136317425e-01
4.192784475183385e-01  7.211874475360963e-01
3.997483848512851e-01  6.648933827310058e-01
3.675591340224891e-01  6.180884327619529e-01
3.339722405524871e-01  6.015920603172998e-01
3.031577785758996e-01  6.136666517410714e-01
2.806222333615009e-01  6.416290519373538e-01
2.800537334432690e-01  6.714387847545019e-01
3.046425585796084e-01  6.969926572204150e-01
3.412464204626087e-01  7.102840879529924e-01
3.674602641331887e-01  7.035865212587353e-01
3.723982814366042e-01  6.797059465076872e-01
3.603814228548929e-01  6.521596079845315e-01

2.416684899435521e-01  6.666615861218504e-01
2.702127056910966e-01  7.001813268860694e-01
3.241080153676285e-01  7.279947721189074e-01
3.745608786493017e-01  7.333708990386857e-01
3.941431319122676e-01  7.105138491299239e-01
3.858086974520053e-01  6.693657678178708e-01
3.618908779415073e-01  6.326665824293956e-01
3.335737623954976e-01  6.185371296754969e-01
3.078469572534414e-01  6.277283243672953e-01
2.920464932607885e-01  6.499690504966135e-01
2.952449011252781e-01  6.742988237602194e-01
3.171093463551207e-01  6.935934761002498e-01
3.445839206646053e-01  7.004847333808870e-01
3.617539408894548e-01  6.912019786952340e-01
3.624668069985884e-01  6.706848019614242e-01
3.507988437511823e-01  6.508346802308437e-01
3.340381631491536e-01  6.418410086166796e-01
3.187690769191650e-01  6.458532427282132e-01

3.333491926591231e-01  6.666821371175274e-01
3.333453698329790e-01  6.666374868982373e-01
3.333040433399004e-01  6.666781815548626e-01
3.333536159155755e-01  6.666839279525669e-01
3.333579095924959e-01  6.666642344518616e-01
3.333422727898546e-01  6.666521704568014e-01
3.333289232135005e-01  6.666373372915626e-01
3.333108334157398e-01  6.667037388437522e-01
3.333485920209032e-01  6.667152742540330e-01
3.333955443333921e-01  6.666289305588036e-01
3.333001360445339e-01  6.665551207421077e-01
3.332573687722616e-01  6.666239366994077e-01
3.332538206598913e-01  6.667067228237413e-01
3.333221902505311e-01  6.667511407347022e-01
3.334262097942365e-01  6.667248014731559e-01
3.334381424038462e-01  6.666558862313721e-01
3.333477444791587e-01  6.666370112007268e-01
3.333120828787354e-01  6.666400523548076e-01

4.249948488863556e-01  6.666595996482935e-01
3.823811518988204e-01  6.010543928617560e-01
3.445499432209068e-01  5.746657427737766e-01
3.113482733586875e-01  5.822391356275471e-01
2.781944078039932e-01  6.133083202982251e-01
2.581759578606697e-01  6.501113719953084e-01
2.686745581026433e-01  6.832855025923398e-01
3.074321112803825e-01  7.116405509094488e-01
3.546053480100779e-01  7.238899061783719e-01
3.818096722024915e-01  7.109936401676066e-01
3.819357569761568e-01  6.783408240377105e-01
3.640871463433607e-01  6.439637654777880e-01
3.390984853292690e-01  6.263644677211837e-01
3.151080416833973e-01  6.300801757345147e-01
2.989647385168183e-01  6.480222507185014e-01
2.988052710054362e-01  6.698960858031122e-01
3.156774483670416e-01  6.880908039300617e-01
3.396778044214230e-01  6.959817247794270e-01

1.500003607389963e-01  7.583260125277398e-01
2.550034516167141e-01  7.877837719068412e-01
3.880749760886527e-01  8.328678253828996e-01
4.625969314575046e-01  8.474975519787984e-01
4.847441327754510e-01  8.437587748611290e-01
4.869380374794883e-01  8.294320288809592e-01
4.789394414650999e-01  8.032814633303883e-01
4.610355569053779e-01  7.589174505065612e-01
4.309973199493175e-01  6.910623485915244e-01
3.921239337292439e-01  6.213766343622886e-01
3.530903078121445e-01  5.848284605570915e-01
3.190248819627535e-01  5.842712344915740e-01
2.861635054147385e-01  6.100062569868433e-01
2.635660814154719e-01  6.454226608489092e-01
2.692281709127075e-01  6.784722056649808e-01
3.033509883318821e-01  7.069093289080208e-01
3.487797893311524e-01  7.209036311831234e-01
3.777837033475346e-01  7.110476206617271e-01

2.416109723751704e-01  7.582818528414302e-01
3.569030778826054e-01  8.020305076536409e-01
4.373679608334041e-01  8.162898007925796e-01
4.619370033515634e-01  8.039191182966399e-01
4.582839517041595e-01  7.699226785035653e-01
4.363877760539602e-01  7.114091627947107e-01
4.016269213166523e-01  6.407175309163378e-01
3.624786546044311e-01  5.945389811925479e-01
3.274485097862971e-01  5.851360930459636e-01
2.945744860848143e-01  6.048821305491446e-01
2.687978343847256e-01  6.387492852145861e-01
2.680329979511012e-01  6.719027046170174e-01
2.964553780294316e-01  7.010056889657038e-01
3.403352859618903e-01  7.182419892197444e-01
3.729685913709452e-01  7.129539946982950e-01
3.801959487655334e-01  6.865028287912146e-01
3.674245420191458e-01  6.532983137265113e-01
3.449955972535622e-01  6.319166985310096e-01

3.333300004079002e-01  7.583249999014018e-01
4.007212395312724e-01  7.667635777027823e-01
4.227117948187945e-01  7.422908806037175e-01
4.120600696946815e-01  6.914029174588637e-01
3.834885562941605e-01  6.353997311069502e-01
3.491566032797584e-01  6.039851634554088e-01
3.167571964854110e-01  6.041898173259668e-01
2.886540313293897e-01  6.271805291551491e-01
2.761074478573688e-01  6.575365456504532e-01
2.896582270726265e-01  6.859902590183433e-01
3.235938407614895e-01  7.066096435422144e-01
3.576914505374534e-01  7.099374438729731e-01
3.730672786471523e-01  6.930720382026396e-01
3.681475399749942e-01  6.648190888417314e-01
3.506913498846262e-01  6.414334688701763e-01
3.294931047065612e-01  6.341063079071865e-01
3.116847816558956e-01  6.426596757900891e-01
3.040684005702913e-01  6.595541725250661e-01

4.249990519774629e-01  7.583275186406088e-01
4.221707273369181e-01  7.141211868786117e-01
3.973238002406230e-01  6.541349571340825e-01
3.628688090068916e-01  6.099309592180578e-01
3.289216422416982e-01  5.983170321009265e-01
2.979813797237789e-01  6.146847216397394e-01
2.766728772467955e-01  6.446233484260258e-01
2.793121218569183e-01  6.749357662055310e-01
3.071808129938083e-01  7.003727968365203e-01
3.453082563026860e-01  7.123600772727789e-01
3.704181265172218e-01  7.033849643973514e-01
3.733320372831474e-01  6.774994048359966e-01
3.596386704612092e-01  6.493837808428659e-01
3.385782959282514e-01  6.342565440359735e-01
3.180752150792775e-01  6.368324935360216e-01
3.050574592898972e-01  6.515681050222397e-01
3.056193607159570e-01  6.699298228719702e-01
3.199023788139879e-01  6.848688485166630e-01

5.173516397766988e-01  7.608060615210827e-01
4.502095953635560e-01  6.570528111286487e-01
3.968963603365800e-01  5.749631060882194e-01
3.607556386755377e-01  5.407871045304078e-01
3.360231529305908e-01  5.375397398960382e-01
3.102443424157368e-01  5.548667827072691e-01
2.766281689217010e-01  5.915961805780326e-01
2.455654597392321e-01  6.347757908500237e-01
2.443069370350118e-01  6.708185257417437e-01
2.765337678386805e-01  7.041511324195781e-01
3.317323585167206e-01  7.298786104900113e-01
3.787265195571154e-01  7.315269913996639e-01
3.940479633502307e-01  7.054687558174436e-01
3.830359459410299e-01  6.636566757489620e-01
3.580391885063506e-01  6.295072538656236e-01
3.299026774992891e-01  6.187734163132612e-01
3.050395205137962e-01  6.303267340575098e-01
2.913465095137975e-01  6.533257808557603e-01

4.249949999996986e-01  8.499899999990420e-01
4.789251537209273e-01  8.594782203041387e-01
4.941644958760038e-01  8.565927386488411e-01
4.958237276601976e-01  8.469476066213325e-01
4.909664637886999e-01  8.303375397595872e-01
4.802713617314593e-01  8.030309124014091e-01
4.611215231806262e-01  7.576800894149247e-01
4.303616348534993e-01  6.889856276002022e-01
3.911699785161977e-01  6.196248654311102e-01
3.522435311784069e-01  5.840168986212716e-01
3.182397438949769e-01  5.841967121015050e-01
2.853741909898177e-01  6.105145853669854e-01
2.631250718379756e-01  6.460530578425547e-01
2.693977006503803e-01  6.790030440872955e-01
3.039396193117176e-01  7.073501638215850e-01
3.494338062033502e-01  7.210638685367633e-01
3.781245077269079e-01  7.108679791749051e-01
3.806336923572107e-01  6.806841670501801e-01

5.166595858338331e-01  8.499903942376194e-01
4.972433225421090e-01  8.270197492242111e-01
4.795236333055461e-01  7.937301875605338e-01
4.551609423709214e-01  7.405289026255063e-01
4.203941773967249e-01  6.665085393815525e-01
3.796717982922433e-01  6.042753415273858e-01
3.423248224670707e-01  5.796455216819311e-01
3.088266351411770e-01  5.885639894350055e-01
2.768153735705303e-01  6.197181357589614e-01
2.609885372608233e-01  6.552208944058520e-01
2.757125941194611e-01  6.874005816316932e-01
3.160025546595528e-01  7.134224602994111e-01
3.598876132483860e-01  7.212878055331586e-01
3.816146753781232e-01  7.046464961017221e-01
3.780947352315759e-01  6.712605496529652e-01
3.588338925577726e-01  6.401234207694987e-01
3.342271650836390e-01  6.271042186801810e-01
3.118025244872765e-01  6.340213510576427e-01

