1.099990609537181e-01  7.999857930465908e-01
2.019433487322188e-01  7.996240028291105e-01
3.528320605918391e-01  8.529639582411299e-01
4.641217689619576e-01  8.814008527493233e-01
5.010515742739123e-01  8.906003823782096e-01
5.128079575006868e-01  8.943395500830192e-01
5.170515331224064e-01  8.966894069561960e-01
5.189816807933918e-01  8.988801134860280e-01
5.202600423239379e-01  9.013011737145780e-01
5.214456246772303e-01  9.041317855938198e-01
5.227533365132757e-01  9.074394351907917e-01
5.242174430513192e-01  9.112648860601023e-01
5.258686239172787e-01  9.156291682609128e-01
5.277010064125892e-01  9.204723475745002e-01
5.296994786626833e-01  9.257272481829739e-01
5.318145618048129e-01  9.313033532450754e-01
5.340139497957360e-01  9.370781964919571e-01
5.362344504689278e-01  9.429154121037300e-01
5.384640962307737e-01  9.486603784842452e-01
5.406695456335425e-01  9.541836427165813e-01
5.427834574096035e-01  9.593896972726510e-01
5.447765601613913e-01  9.642274538931445e-01
5.466359630306393e-01  9.686399519015246e-01
5.483354578191482e-01  9.726333762885500e-01
5.499001327480035e-01  9.761938192469892e-01
5.513421829832292e-01  9.793487383340580e-01
5.525955804488922e-01  9.821207859324385e-01
5.537302105419305e-01  9.845514877975380e-01

1.433328262804185e-01  7.999913911455357e-01
2.689177270680401e-01  8.317780618803547e-01
4.217853074962086e-01  8.770086775818379e-01
4.904870668536510e-01  8.941249575812449e-01
5.117257142480295e-01  9.009552178605240e-01
5.191889236141456e-01  9.053198854396383e-01
5.225825372615628e-01  9.093110429588876e-01
5.248061910188951e-01  9.135597220587953e-01
5.267738682031591e-01  9.182104950472411e-01
5.287687982303402e-01  9.232942908676732e-01
5.308386624828726e-01  9.287350727291588e-01
5.330027538502784e-01  9.344407553286980e-01
5.352149674858769e-01  9.402727580613384e-01
5.374541838864884e-01  9.460729618741565e-01
5.396736285487735e-01  9.517109306900917e-01
5.418399608324128e-01  9.570756709147739e-01
5.438827070871124e-01  9.620918364973657e-01
5.458003382252293e-01  9.666951284705663e-01
5.475809142746085e-01  9.708835101365324e-01
5.492188427509186e-01  9.746323894990547e-01
5.506703896238044e-01  9.779749130374430e-01
5.520284298972805e-01  9.809114754904976e-01
5.532349588647838e-01  9.834901248555346e-01
5.543083494539986e-01  9.857527629319101e-01
5.552611550400848e-01  9.877016756691551e-01
5.561080367075888e-01  9.893937324400991e-01
5.568224569136863e-01  9.908637765428925e-01
5.574410912106751e-01  9.921467531038115e-01

1.766614305725621e-01  7.999861767131647e-01
3.224951543843997e-01  8.495808607101484e-01
4.532797592499714e-01  8.841996741934064e-01
4.998964432755302e-01  8.962985416493873e-01
5.146878186242704e-01  9.017797700844882e-01
5.202265598332457e-01  9.057673389070885e-01
5.230090211262023e-01  9.096702948246105e-01
5.250293769044592e-01  9.139209855136913e-01
5.269365915485800e-01  9.186228800729588e-01
5.289316963753078e-01  9.237391600162170e-01
5.310146404681306e-01  9.292083569734275e-01
5.331880840044551e-01  9.349287629326535e-01
5.354103097691875e-01  9.407628603305381e-01
5.376433574872458e-01  9.465529726799716e-01
5.398484773847602e-01  9.521741797211282e-01
5.420154102927729e-01  9.575128865985614e-01
5.440575103853835e-01  9.624885788704833e-01
5.459734520455219e-01  9.670533638576904e-01
5.477299350817432e-01  9.712070089015026e-01
5.493464917085171e-01  9.749212046004579e-01
5.508172882801239e-01  9.782279315539094e-01
5.521344327355068e-01  9.811351100291545e-01
5.533266711215703e-01  9.836857362538184e-01
5.543941707402908e-01  9.859197039514809e-01
5.553485937892455e-01  9.878468854722440e-01
5.561542617953878e-01  9.895219924859249e-01
5.568582657515194e-01  9.909767398755456e-01
5.574830471126155e-01  9.922440348107839e-01

1.100000000841415e-01  8.333242858677511e-01
2.057961681333385e-01  8.332333003279800e-01
3.740390963194088e-01  8.858786334442657e-01
4.826546104092146e-01  9.117488340025599e-01
5.159783611362818e-01  9.224123821885613e-01
5.272384601178586e-01  9.294528929314519e-01
5.322660072541157e-01  9.356090439558679e-01
5.353526218292997e-01  9.415749944081256e-01
5.378662488916887e-01  9.473813818624616e-01
5.401438474183907e-01  9.529750924093356e-01
5.423142191606533e-01  9.582646899905419e-01
5.443390521829394e-01  9.631868106481859e-01
5.462306884972454e-01  9.676911586505644e-01
5.479779231751781e-01  9.717839842216552e-01
5.495790557164302e-01  9.754308307777123e-01
5.510310671209412e-01  9.786817934762425e-01
5.523384639771829e-01  9.815326769102161e-01
5.534898941195725e-01  9.840347107091139e-01
5.545216595849126e-01  9.862245744610566e-01
5.554511732491508e-01  9.881145439866040e-01
5.562315043186634e-01  9.897557551151679e-01
5.569539422716029e-01  9.911795327456789e-01
5.575987673930854e-01  9.924191232870719e-01
5.581424334264307e-01  9.934722734098134e-01
5.586014461272258e-01  9.943774161281040e-01
5.589858013047868e-01  9.951634800868393e-01
5.593168887796574e-01  9.958403745450860e-01
5.596159687077774e-01  9.964234557887588e-01

1.433328363849328e-01  8.333242647700585e-01
2.793656724374933e-01  8.643642073858335e-01
4.407538299207023e-01  9.060164917579432e-01
5.048711019944964e-01  9.222057005713938e-01
5.244285445651408e-01  9.306287027362731e-01
5.318436808489467e-01  9.371915069228537e-01
5.356855460549971e-01  9.432497521113828e-01
5.384224132494893e-01  9.490329851802410e-01
5.407603475241000e-01  9.545555578682047e-01
5.428971674673310e-01  9.597435973724056e-01
5.448966168603935e-01  9.645570060304638e-01
5.467411443820318e-01  9.689450808866636e-01
5.484472276048360e-01  9.729038819389643e-01
5.500149055518574e-01  9.764335492799389e-01
5.514301235270477e-01  9.795612556203854e-01
5.526809025503815e-01  9.823070814073861e-01
5.538014184122158e-01  9.847156616185034e-01
5.548197537008727e-01  9.868020857545410e-01
5.557001999241236e-01  9.886180489746260e-01
5.564587177022309e-01  9.901926272434295e-01
5.571967817159200e-01  9.915546197043210e-01
5.577826533452245e-01  9.927422398130141e-01
5.582821862157497e-01  9.937459331697016e-01
5.587085673479463e-01  9.946162970696029e-01
5.590758933067499e-01  9.953694403015595e-01
5.594167877350004e-01  9.960177980471064e-01
5.596948702804061e-01  9.965763880175486e-01
5.599472788313055e-01  9.970568559411893e-01

1.766564970455930e-01  8.333155660041719e-01
3.376021079786617e-01  8.819934995855162e-01
4.707249706679073e-01  9.134031877416503e-01
5.137983087163672e-01  9.257773180589179e-01
5.276923002295004e-01  9.333294514807259e-01
5.334776720750445e-01  9.396672628041663e-01
5.368166521499600e-01  9.456205884777003e-01
5.393800664347455e-01  9.513139078280562e-01
5.416301127258842e-01  9.567190035859888e-01
5.437569311146118e-01  9.617498733800397e-01
5.456835878087163e-01  9.663826099578483e-01
5.474582395593741e-01  9.705996695140752e-01
5.491018339288971e-01  9.743789988145247e-01
5.506004855831267e-01  9.777456604964000e-01
5.519433080805957e-01  9.807084229248147e-01
5.531511057779193e-01  9.833121790981786e-01
5.542212743842037e-01  9.855979594820322e-01
5.551918804336392e-01  9.875666075102971e-01
5.560326645147935e-01  9.892787125041063e-01
5.567527670848142e-01  9.907657368974025e-01
5.573993694413978e-01  9.920597659498384e-01
5.579823770531869e-01  9.931704956934464e-01
5.584502515757283e-01  9.941161515921625e-01
5.588593668281973e-01  9.949381107278075e-01
5.592165785951307e-01  9.956466150438329e-01
5.595246061719826e-01  9.962560690760034e-01
5.597937307686449e-01  9.967814866090686e-01
5.600331004811400e-01  9.972342012665305e-01

2.099578083031025e-01  8.332863020970074e-01
3.783798950788500e-01  8.859192339725964e-01
4.837940676965561e-01  9.111284617065827e-01
5.160436708453923e-01  9.215866447379614e-01
5.269985354077379e-01  9.285470521568507e-01
5.319320422121578e-01  9.346845469888905e-01
5.350000233517009e-01  9.406407780762149e-01
5.375068065656634e-01  9.464656107926441e-01
5.398024056688169e-01  9.520859854039109e-01
5.419848928779818e-01  9.574310192729083e-01
5.440388006400367e-01  9.624123702297230e-01
5.459388541369735e-01  9.669842458908100e-01
5.476936435970675e-01  9.711456631937454e-01
5.493105412723791e-01  9.748678069195080e-01
5.507946152266794e-01  9.781807443679204e-01
5.521273052375779e-01  9.810918483114309e-01
5.533199982073863e-01  9.836470315061739e-01
5.543906537097448e-01  9.858850635077576e-01
5.553183662042200e-01  9.878201981002391e-01
5.561782794228276e-01  9.894927325450996e-01
5.568880907052089e-01  9.909485174369488e-01
5.575069618231874e-01  9.922181823992834e-01
5.580620157746096e-01  9.933030958400176e-01
5.585140344819849e-01  9.942317777893280e-01
5.589271766262248e-01  9.950365424171649e-01
5.592617402573996e-01  9.957316175050612e-01
5.595883315677423e-01  9.963288190428966e-01
5.598379607921351e-01  9.968442649418909e-01

2.432158167587538e-01  8.332220252277197e-01
4.065041179682033e-01  8.828965437265153e-01
4.894217150652560e-01  9.034979145589176e-01
5.148076008143456e-01  9.122311255495593e-01
5.237773555564145e-01  9.182405037358402e-01
5.279858225018227e-01  9.237539790429955e-01
5.307760755166625e-01  9.293456627615166e-01
5.331529382548228e-01  9.351130224927209e-01
5.354501840066571e-01  9.409411222683451e-01
5.377203846165037e-01  9.467297929307006e-01
5.399279177242032e-01  9.523410897268431e-01
5.420865452545163e-01  9.576687538706031e-01
5.441248537991057e-01  9.626319085013774e-01
5.460169649367645e-01  9.671878994319293e-01
5.477987882206008e-01  9.713228916450619e-01
5.493886304760945e-01  9.750266426224541e-01
5.508601403442591e-01  9.783220876119759e-01
5.521861745676796e-01  9.812165527326200e-01
5.533622296361074e-01  9.837578851166457e-01
5.544426932527045e-01  9.859802751631769e-01
5.553540966096061e-01  9.879013784262052e-01
5.561624929851459e-01  9.895717580906791e-01
5.568856937272537e-01  9.910185505696373e-01
5.575197668800862e-01  9.922799433550653e-01
5.580719400926485e-01  9.933564560398620e-01
5.585252941358068e-01  9.942780221734250e-01
5.589268975295900e-01  9.950779320538561e-01
5.592690642518794e-01  9.957672795486151e-01

2.766248500162891e-01  8.332942072686486e-01
4.265716524457977e-01  8.769938804412541e-01
4.914846851645923e-01  8.931531421020800e-01
5.115846287689854e-01  8.995623819907199e-01
5.186729200504673e-01  9.035867028310447e-01
5.218571832964680e-01  9.072819051370354e-01
5.239368108065865e-01  9.112244411784013e-01
5.257831888868565e-01  9.156258026054263e-01
5.276808873806766e-01  9.204764455766309e-01
5.296994969637339e-01  9.257317610859345e-01
5.318246100315966e-01  9.313055937443171e-01
5.340030238001907e-01  9.370880339687748e-01
5.362300998931380e-01  9.429261766969652e-01
5.384713564068941e-01  9.486710435026728e-01
5.406629256737974e-01  9.541962222952729e-01
5.427867597316653e-01  9.593979695902142e-01
5.447847601227899e-01  9.642346529813912e-01
5.466385287065660e-01  9.686487583218840e-01
5.483434231639891e-01  9.726401544767167e-01
5.499061777750475e-01  9.761992452352682e-01
5.513273432153308e-01  9.793581166732938e-01
5.525995250308856e-01  9.821287452230366e-01
5.537457391479510e-01  9.845562215569504e-01
5.547665886295132e-01  9.866657241628604e-01
5.556495241162814e-01  9.884977322429829e-01
5.564235034892472e-01  9.900878801676857e-01
5.570921443802969e-01  9.914690444472263e-01
5.577246588470333e-01  9.926689328357408e-01

1.100000000032645e-01  8.666571428427320e-01
2.008921075394360e-01  8.647027536051812e-01
3.779805898606398e-01  9.118592885938528e-01
4.914978912113679e-01  9.351079603650575e-01
5.249366840837365e-01  9.450712640180056e-01
5.360245535324105e-01  9.517697504927148e-01
5.408484412300013e-01  9.574042722167648e-01
5.436946395541106e-01  9.624621058670494e-01
5.458566490776021e-01  9.670500603961781e-01
5.476835856406516e-01  9.712120963326053e-01
5.493363777597310e-01  9.749273648904649e-01
5.508082247707599e-01  9.782351336403576e-01
5.521500822033576e-01  9.811399552412098e-01
5.533377639467517e-01  9.836892778769024e-01
5.544047216113560e-01  9.859219254250647e-01
5.553397458640577e-01  9.878498581115633e-01
5.561367040215982e-01  9.895271837934225e-01
5.568660563743144e-01  9.909797981371148e-01
5.575111468508660e-01  9.922458451905982e-01
5.580713516328896e-01  9.933263349643953e-01
5.585355164003262e-01  9.942506222990807e-01
5.589217543725901e-01  9.950542347866633e-01
5.592583883053320e-01  9.957469200711180e-01
5.595715631798710e-01  9.963425086992900e-01
5.598568510891788e-01  9.968553678029541e-01
5.600756832477216e-01  9.972974050099448e-01
5.602689757575569e-01  9.976779538430152e-01
5.604369917094870e-01  9.980060563177344e-01

1.433328496827486e-01  8.666571381771145e-01
2.801173832411721e-01  8.911832436640067e-01
4.489085588677158e-01  9.282951420571741e-01
5.132115572893557e-01  9.426758539260567e-01
5.323458140319227e-01  9.504165246527940e-01
5.394623816152830e-01  9.563716062735742e-01
5.430343950581562e-01  9.615657372625500e-01
5.454193545452021e-01  9.662543961707979e-01
5.473521702870586e-01  9.704928719145930e-01
5.490473102144465e-01  9.742853729179912e-01
5.505555223820939e-01  9.776625754141424e-01
5.519127147282027e-01  9.806350853143594e-01
5.531285847050662e-01  9.832469865567359e-01
5.542242672905908e-01  9.855354116129355e-01
5.551881363482711e-01  9.875113715669106e-01
5.560100414000148e-01  9.892311656292662e-01
5.567344524308075e-01  9.907242063332448e-01
5.573640409762148e-01  9.920255377365644e-01
5.579378060659409e-01  9.931433549757079e-01
5.584181968155614e-01  9.940933278994077e-01
5.588458190310357e-01  9.949183748318382e-01
5.592251242595536e-01  9.956282007387124e-01
5.595423716407780e-01  9.962399364875236e-01
5.598003469444197e-01  9.967674594270033e-01
5.600279472453998e-01  9.972218182221774e-01
5.602389193459552e-01  9.976127662744922e-01
5.604778082921313e-01  9.979476655732813e-01
5.605997389798602e-01  9.982382235356619e-01

1.766646053818624e-01  8.666563987029366e-01
3.444004739769429e-01  9.089286787074937e-01
4.806278508935286e-01  9.360464444093799e-01
5.226206612788828e-01  9.469374300093185e-01
5.359351153969177e-01  9.537516156013003e-01
5.413511447311199e-01  9.593026281411934e-01
5.443541248017552e-01  9.642309148637076e-01
5.465135902107573e-01  9.686654482924667e-01
5.483177356215283e-01  9.726600007187092e-01
5.499008095020353e-01  9.762187986598608e-01
5.513481956983202e-01  9.793725368137758e-01
5.526102649244107e-01  9.821409657417846e-01
5.537571422387306e-01  9.845654067217692e-01
5.547724422563527e-01  9.866736737839876e-01
5.556467306893400e-01  9.885056072456548e-01
5.564142598400390e-01  9.900956188030922e-01
5.571462175954022e-01  9.914704940870109e-01
5.577494320646291e-01  9.926699579929807e-01
5.582675620089946e-01  9.936833425742524e-01
5.587004864942798e-01  9.945614033644278e-01
5.590766214777033e-01  9.953213482963363e-01
5.594160344465938e-01  9.959753053994154e-01
5.596925609651806e-01  9.965396239069725e-01
5.599275048286347e-01  9.970256119946607e-01
5.601690189618599e-01  9.974432800604571e-01
5.603423752156296e-01  9.978037018861673e-01
5.605055940510049e-01  9.981139687538287e-01
5.606455031013594e-01  9.983821388877654e-01

2.099772736612804e-01  8.666406884983252e-01
3.888418123535198e-01  9.137913746295450e-01
4.949303673432315e-01  9.356525253774678e-01
5.259032085004713e-01  9.452770639629345e-01
5.363391887895741e-01  9.518885856651395e-01
5.409571459246291e-01  9.574973394951911e-01
5.437418860651950e-01  9.625495277713592e-01
5.458811821516014e-01  9.671307427577134e-01
5.477234135465118e-01  9.712830929493506e-01
5.493604100471690e-01  9.749909686750282e-01
5.508370434156387e-01  9.782919452464918e-01
5.521616961125294e-01  9.811908280157368e-01
5.533466356853057e-01  9.837348438349303e-01
5.543997108295572e-01  9.859661286588570e-01
5.553415756655468e-01  9.878893421831301e-01
5.561606956700195e-01  9.895593113121962e-01
5.568792020045226e-01  9.910080166042764e-01
5.575254814933804e-01  9.922705634773024e-01
5.580612734341832e-01  9.933487072343981e-01
5.585170705100793e-01  9.942716712545586e-01
5.589072461593808e-01  9.950726382862447e-01
5.592745269065554e-01  9.957625541294440e-01
5.595792874294533e-01  9.963564497100552e-01
5.598549547039180e-01  9.968678658797143e-01
5.600840473842331e-01  9.973079386462455e-01
5.602829054020761e-01  9.976866144550350e-01
5.604550027715487e-01  9.980129587764595e-01
5.605980262202381e-01  9.982946385047232e-01

2.432633890241961e-01  8.666028444871086e-01
4.189657539819737e-01  9.123150488667986e-01
5.018577930353080e-01  9.310389313207095e-01
5.262817192511012e-01  9.400559908117644e-01
5.349915693667708e-01  9.466913791594533e-01
5.391645856834851e-01  9.525281538145111e-01
5.419092101498220e-01  9.579083597573228e-01
5.441384762698952e-01  9.628717190050787e-01
5.460723101445806e-01  9.674181198139898e-01
5.478499240411394e-01  9.715388978762916e-01
5.494680228111493e-01  9.752187276376637e-01
5.509486023587514e-01  9.784918143390651e-01
5.522522181135712e-01  9.813663443756580e-01
5.534312849743894e-01  9.838882005222656e-01
5.544926520711082e-01  9.860931914714318e-01
5.554025838244019e-01  9.880018729793162e-01
5.562197887117747e-01  9.896560456441159e-01
5.569206320880036e-01  9.910932827038692e-01
5.575585478609053e-01  9.923444700109741e-01
5.581054157423427e-01  9.934099422813794e-01
5.585603973100662e-01  9.943249145780364e-01
5.589448666969417e-01  9.951182054608368e-01
5.593125522963474e-01  9.958004131514240e-01
5.596114416626403e-01  9.963889700168003e-01
5.598787062831214e-01  9.968952666133285e-01
5.601261339862228e-01  9.973307485472793e-01
5.603114924606704e-01  9.977062772782427e-01
5.604620097034270e-01  9.980299255060853e-01

2.766252469831217e-01  8.666233995504338e-01
4.401132921500019e-01  9.083733834804659e-01
5.054719426474824e-01  9.246534326467205e-01
5.253024549260038e-01  9.331330334855807e-01
5.327997563932372e-01  9.397135486275516e-01
5.366519105691661e-01  9.457274869072887e-01
5.393604166115984e-01  9.514343414228544e-01
5.416603113901307e-01  9.568319753696295e-01
5.437815237425573e-01  9.618624468548442e-01
5.457093710253270e-01  9.664913292957176e-01
5.474913821711606e-01  9.706994052069764e-01
5.491361615170042e-01  9.744689780394508e-01
5.506286459753558e-01  9.778267358823595e-01
5.519825630471850e-01  9.807795219338777e-01
5.531850448515854e-01  9.833740103071985e-01
5.542799573812752e-01  9.856468095228043e-01
5.552250429823243e-01  9.876094634625988e-01
5.560501130184041e-01  9.893162557031626e-01
5.567852015928648e-01  9.907959543961343e-01
5.574198783544831e-01  9.920865171812231e-01
5.579867885613640e-01  9.931934233101494e-01
5.584507592529028e-01  9.941366466822359e-01
5.589133883396949e-01  9.949546626461195e-01
5.592381633381260e-01  9.956597073473271e-01
5.595491187497732e-01  9.962672318118949e-01
5.598190859447763e-01  9.967910584262882e-01
5.600413008122413e-01  9.972419535689521e-01
5.602529658243980e-01  9.976301874224115e-01

3.099961272306554e-01  8.666565149534966e-01
4.554979515430025e-01  9.033621411288725e-01
5.072214439815845e-01  9.173924148546388e-01
5.235351070672635e-01  9.251394308863794e-01
5.300046417684960e-01  9.314332676801641e-01
5.335788225460129e-01  9.374032935172432e-01
5.362156425596756e-01  9.432908377105926e-01
5.385635906030044e-01  9.490422810484949e-01
5.408085024919794e-01  9.545493182477769e-01
5.428986345008221e-01  9.597428445772932e-01
5.449005143341941e-01  9.645547748579404e-01
5.467438892309067e-01  9.689455389527681e-01
5.484456023423994e-01  9.729040256461374e-01
5.500124067817995e-01  9.764340325620373e-01
5.514323556758068e-01  9.795619317698061e-01
5.526846967642135e-01  9.823073321608198e-01
5.538037599769414e-01  9.847159520995233e-01
5.548173398891340e-01  9.868031393684770e-01
5.556925713892228e-01  9.886178064921689e-01
5.564743877195630e-01  9.901904719018971e-01
5.571571629471727e-01  9.915579453486776e-01
5.577747675134932e-01  9.927446488053868e-01
5.582738308245816e-01  9.937488096125038e-01
5.587053808222742e-01  9.946197600564511e-01
5.590769170009652e-01  9.953724762597060e-01
5.594189211035406e-01  9.960201479798714e-01
5.596963569873191e-01  9.965785020066696e-01
5.599390651206978e-01  9.970594560573626e-01

3.433299999109632e-01  8.666571429100691e-01
4.670592140862933e-01  8.977305209725216e-01
5.078315637701716e-01  9.094207069622158e-01
5.211357795717797e-01  9.161010196902553e-01
5.266064845937551e-01  9.217262365797643e-01
5.297816096713203e-01  9.272808468350973e-01
5.323037068931394e-01  9.329812736934310e-01
5.346215561364250e-01  9.388094917895724e-01
5.368825331170108e-01  9.446353533123120e-01
5.391170338267902e-01  9.503337509231466e-01
5.413197080369186e-01  9.557652776932094e-01
5.433743023432389e-01  9.608747282423920e-01
5.453453660378090e-01  9.655849221170382e-01
5.471502525376593e-01  9.698772525586755e-01
5.488179783777311e-01  9.737324403760225e-01
5.503335289924334e-01  9.771707379331446e-01
5.517136609518822e-01  9.802033995976849e-01
5.529394951095451e-01  9.828700231231456e-01
5.540518067403222e-01  9.852064724466402e-01
5.550726621686620e-01  9.872203294700945e-01
5.559015762568076e-01  9.889784501872965e-01
5.566533316132968e-01  9.905017856737451e-01
5.573048191927850e-01  9.918289254914292e-01
5.578677511635322e-01  9.929772504500268e-01
5.583736893766553e-01  9.939480768994360e-01
5.588053257608026e-01  9.947911934945439e-01
5.591567506871948e-01  9.955202115201539e-01
5.594661392536021e-01  9.961479934961736e-01

3.766628571432520e-01  8.666571428405615e-01
4.761429498278739e-01  8.915056346810702e-01
5.075544527296618e-01  9.005507621270360e-01
5.180448380464160e-01  9.055637433467991e-01
5.223884379397279e-01  9.097986022161301e-01
5.249185901276214e-01  9.141763585997249e-01
5.269903420398037e-01  9.189358497704152e-01
5.290413186904054e-01  9.240871085109932e-01
5.311537615348551e-01  9.295772007782950e-01
5.333179227444262e-01  9.353135282354000e-01
5.355552049234373e-01  9.411524153241728e-01
5.377951315699673e-01  9.469353355559047e-01
5.400062128157439e-01  9.525371171540825e-01
5.421514182977514e-01  9.578529065166494e-01
5.441802866933849e-01  9.628067767237395e-01
5.460652574016402e-01  9.673564990133890e-01
5.478433136766245e-01  9.714757367369156e-01
5.494477016129299e-01  9.751625723240654e-01
5.509201613483079e-01  9.784422906181701e-01
5.522366851457260e-01  9.813220643353365e-01
5.534085949868471e-01  9.838490792373596e-01
5.544677700632407e-01  9.860602494338765e-01
5.553804436170671e-01  9.879736136960969e-01
5.562023030591583e-01  9.896317792192043e-01
5.569010493547110e-01  9.910731984479157e-01
5.575384786741033e-01  9.923273364946373e-01
5.580707028908197e-01  9.933969704716146e-01
5.585487874292241e-01  9.943133924821894e-01

4.099947547460233e-01  8.666551324982407e-01
4.837082980183932e-01  8.845328357250657e-01
5.064891135844033e-01  8.903134960679507e-01
5.139778902508075e-01  8.927822845581650e-01
5.167543232319481e-01  8.943968550975427e-01
5.180550176991464e-01  8.959396317625110e-01
5.189532872783778e-01  8.976972100537326e-01
5.198259054636449e-01  8.997944575255022e-01
5.207956660029762e-01  9.023069496471601e-01
5.219410946331542e-01  9.052946167165282e-01
5.232806493753102e-01  9.087849753001720e-01
5.248101676193804e-01  9.128086559423333e-01
5.265220126099643e-01  9.173517628359592e-01
5.284165501298347e-01  9.223489997192666e-01
5.304684352805946e-01  9.277258742448521e-01
5.326211188220159e-01  9.333822236697326e-01
5.348207030146658e-01  9.391981399324226e-01
5.370442446875540e-01  9.450116094086127e-01
5.392736767025427e-01  9.506914016892578e-01
5.414529493019439e-01  9.561060144979021e-01
5.434954694210090e-01  9.611932051008477e-01
5.454529554778216e-01  9.658818651044826e-01
5.472554100027924e-01  9.701457640270272e-01
5.489185904258186e-01  9.739733804467364e-01
5.504571904744360e-01  9.773781429318668e-01
5.518134286072111e-01  9.803839451447787e-01
5.530207624015991e-01  9.830275802423560e-01
5.541080037830102e-01  9.853480464586618e-01

1.100001192257924e-01  8.999900103215742e-01
1.874257752537612e-01  8.970084459307130e-01
3.605351693999918e-01  9.326235790984152e-01
4.912665755466116e-01  9.535125112786728e-01
5.298236999596823e-01  9.619901398631826e-01
5.418741552460880e-01  9.673784635641197e-01
5.466620265425791e-01  9.716938210166997e-01
5.491695025792049e-01  9.754081782941219e-01
5.509193431108309e-01  9.786696282649210e-01
5.523007042541060e-01  9.815259874893421e-01
5.534989610130598e-01  9.840254127505612e-01
5.545230608250895e-01  9.862160335975282e-01
5.554474894225537e-01  9.881066372171917e-01
5.562509815684026e-01  9.897479719791081e-01
5.569537468131304e-01  9.911742629654333e-01
5.575814069998090e-01  9.924151498659476e-01
5.580671110706936e-01  9.934748808046806e-01
5.585634365245420e-01  9.943803910199757e-01
5.589844091905127e-01  9.951655062623067e-01
5.593325683162103e-01  9.958410984901425e-01
5.596212128196520e-01  9.964241278219496e-01
5.598778481175702e-01  9.969258766024360e-01
5.601010107749155e-01  9.973587705251219e-01
5.602846833052932e-01  9.977309019801972e-01
5.604676185926710e-01  9.980511033436341e-01
5.606191760859468e-01  9.983277858433034e-01
5.607395951151085e-01  9.985677409367724e-01
5.608514408717789e-01  9.987768054442528e-01

1.433320307621635e-01  8.999899035569047e-01
2.699021200148193e-01  9.143209455004870e-01
4.468976086487154e-01  9.463970778326311e-01
5.174543155402261e-01  9.586900794601037e-01
5.377339982422078e-01  9.650726464268130e-01
5.448831316811865e-01  9.697793061184589e-01
5.481387925977417e-01  9.737425917182073e-01
5.501549417725694e-01  9.772019514821947e-01
5.516815485650179e-01  9.802361336196485e-01
5.529424771131508e-01  9.828995280630030e-01
5.540480570742577e-01  9.852365442139660e-01
5.550559916896778e-01  9.872510379120724e-01
5.558803620249522e-01  9.890083306557063e-01
5.566221072894985e-01  9.905314220170727e-01
5.572752385728642e-01  9.918576589828191e-01
5.578966053230240e-01  9.929992825288528e-01
5.583773445151416e-01  9.939681277995182e-01
5.588216769276229e-01  9.948084319053444e-01
5.591675137068076e-01  9.955353223488158e-01
5.594980324545216e-01  9.961604192715804e-01
5.597647927870704e-01  9.966989907288291e-01
5.599898582306954e-01  9.971628990706838e-01
5.602081951261811e-01  9.975623946457167e-01
5.603827693663582e-01  9.979060586574748e-01
5.605479801475182e-01  9.982024601359225e-01
5.606890435549576e-01  9.984585843674847e-01
5.608253514288167e-01  9.986809420144567e-01
5.609072592418239e-01  9.988754580875793e-01

1.763568638089206e-01  8.999128961757173e-01
3.410886755384460e-01  9.313589198850900e-01
4.843928327146977e-01  9.538936179651301e-01
5.282448723786600e-01  9.627534354155682e-01
5.416501460005728e-01  9.681561621764365e-01
5.467977175645781e-01  9.724142893744491e-01
5.494008346911543e-01  9.760562132612240e-01
5.511437084819796e-01  9.792475808288565e-01
5.525214322331701e-01  9.820349402277255e-01
5.536822995982287e-01  9.844759300447248e-01
5.547252627432245e-01  9.865978112757066e-01
5.556285415512855e-01  9.884384174781167e-01
5.564145657868724e-01  9.900339464691726e-01
5.570803394047528e-01  9.914216714816608e-01
5.577156957485856e-01  9.926280400857678e-01
5.582190347023638e-01  9.936503426409148e-01
5.586746302490464e-01  9.945328488971177e-01
5.590391682063182e-01  9.952976451847386e-01
5.593810287560794e-01  9.959559726628502e-01
5.596694133399659e-01  9.965230461194095e-01
5.599256984900930e-01  9.970112857567865e-01
5.601493883568610e-01  9.974313219797567e-01
5.603359421428351e-01  9.977928896786000e-01
5.604952319382709e-01  9.981046930781891e-01
5.606395151815103e-01  9.983742126069499e-01
5.607705999927507e-01  9.986079680655158e-01
5.608721011679391e-01  9.988118402205595e-01
5.609643817613293e-01  9.989894341613413e-01

2.047924391759766e-01  8.978943330173712e-01
3.854915570903620e-01  9.358924322774176e-01
4.994364207858461e-01  9.542993277383081e-01
5.320379465158152e-01  9.621745710415295e-01
5.425552615393292e-01  9.674187650207471e-01
5.468648271111946e-01  9.716992484394233e-01
5.492229077358252e-01  9.754056972426914e-01
5.508981626440176e-01  9.786728167195724e-01
5.522952360449903e-01  9.815288319096929e-01
5.534900325767922e-01  9.840306910642947e-01
5.545458732344750e-01  9.862165712097705e-01
5.554574458711609e-01  9.881071822838435e-01
5.562333493748702e-01  9.897509275437404e-01
5.569450587938817e-01  9.911750560637004e-01
5.575882017565212e-01  9.924159626305114e-01
5.581350139807385e-01  9.934693410852696e-01
5.586035945458829e-01  9.943747053681946e-01
5.589825724453760e-01  9.951611534627720e-01
5.593189975884326e-01  9.958383281267453e-01
5.596128545291265e-01  9.964219956648768e-01
5.598767931792339e-01  9.969243918377713e-01
5.601196515953654e-01  9.973561448358862e-01
5.603183266555020e-01  9.977279385965617e-01
5.604913198825393e-01  9.980483766439748e-01
5.606294535948038e-01  9.983254212922276e-01
5.607537647789187e-01  9.985655215704148e-01
5.608581528447893e-01  9.987748097282741e-01
5.609545502068518e-01  9.989571414513290e-01

2.052714054652218e-01  8.825188839399964e-01
3.856941990048925e-01  9.253275075033416e-01
4.970504725254210e-01  9.457404094196765e-01
5.291615984160899e-01  9.545844754124949e-01
5.397222693294310e-01  9.605608342123998e-01
5.442202623485005e-01  9.655072324988800e-01
5.468110758914995e-01  9.698571506958437e-01
5.487174996375138e-01  9.737298742958972e-01
5.503127978086170e-01  9.771686071402874e-01
5.517107173152994e-01  9.802022324266451e-01
5.529515755990432e-01  9.828681534053795e-01
5.540695467665239e-01  9.852033733647528e-01
5.550480334162587e-01  9.872221408920256e-01
5.558806712814670e-01  9.889805228178724e-01
5.566404550231426e-01  9.905059953607994e-01
5.572927395849667e-01  9.918329680905688e-01
5.578784166085855e-01  9.929801518915504e-01
5.583792954139526e-01  9.939500697071487e-01
5.588128744751980e-01  9.947930087041783e-01
5.591638727745583e-01  9.955217195187888e-01
5.594888281039178e-01  9.961484381419295e-01
5.597529325191775e-01  9.966887375204269e-01
5.599992380348828e-01  9.971539822150901e-01
5.602125440340915e-01  9.975545318336375e-01
5.604544012716259e-01  9.978974596441615e-01
5.605826699238322e-01  9.981946748247831e-01
5.607085623628288e-01  9.984518736810620e-01
5.608197700231631e-01  9.986755569889120e-01

2.762774131316438e-01  8.997580634245749e-01
4.485493932304112e-01  9.352826676029009e-01
5.149786979699997e-01  9.489977386482351e-01
5.344957365268602e-01  9.563053159693042e-01
5.416092635965434e-01  9.618372441374062e-01
5.450957631545410e-01  9.665819736952411e-01
5.473378689922783e-01  9.708141349409352e-01
5.491277708472736e-01  9.745794976614748e-01
5.506589994419818e-01  9.779270177873857e-01
5.520203737726096e-01  9.808677305637296e-01
5.532147193935418e-01  9.834518493280715e-01
5.542860158062869e-01  9.857192336705537e-01
5.552442826801705e-01  9.876730359017909e-01
5.560527519662875e-01  9.893741937589484e-01
5.567830299877227e-01  9.908484425444993e-01
5.574411119586484e-01  9.921316474804340e-01
5.580252917718213e-01  9.932296162996294e-01
5.584723660754788e-01  9.941680776071181e-01
5.588800807873555e-01  9.949829991525668e-01
5.592348364438761e-01  9.956853568549745e-01
5.595432355213903e-01  9.962901135795279e-01
5.598191571018866e-01  9.968104995002309e-01
5.600402540915218e-01  9.972591987766586e-01
5.602502731924185e-01  9.976450932521317e-01
5.604358810109830e-01  9.979768961172076e-01
5.605993311268184e-01  9.982630743450673e-01
5.607317643374089e-01  9.985113477839950e-01
5.608347630295799e-01  9.987273965896044e-01

3.099957981195676e-01  8.999892551293994e-01
4.654555773596352e-01  9.322571429930565e-01
5.180819623347352e-01  9.447695310722368e-01
5.341801213724716e-01  9.520298745562602e-01
5.404048636996051e-01  9.577951309527154e-01
5.436776416818369e-01  9.628590404649359e-01
5.459538938086311e-01  9.674220891546429e-01
5.478384946316049e-01  9.715404115450234e-01
5.494913403107371e-01  9.752136300580714e-01
5.509594914504373e-01  9.784864561354166e-01
5.522335392680068e-01  9.813631294692730e-01
5.534214592613550e-01  9.838854357402234e-01
5.544834483334804e-01  9.860917446868184e-01
5.554459587341242e-01  9.879921131347627e-01
5.562303482182999e-01  9.896479933150008e-01
5.569318064548680e-01  9.910849094186671e-01
5.575363012947697e-01  9.923393575915979e-01
5.580792693079829e-01  9.934064457234530e-01
5.585945017098396e-01  9.943175383122711e-01
5.589712753130514e-01  9.951115792231257e-01
5.593050372495697e-01  9.957955660778857e-01
5.595898145737813e-01  9.963853981640611e-01
5.598531604034883e-01  9.968928744232721e-01
5.601062980302157e-01  9.973291740738084e-01
5.603159527588887e-01  9.977047662613984e-01
5.604670384944168e-01  9.980285954625818e-01
5.606015482587885e-01  9.983078073402281e-01
5.607268818648180e-01  9.985504432473612e-01

3.433262738048106e-01  8.999810459889579e-01
4.779749267124301e-01  9.286208995308540e-01
5.199661425666962e-01  9.401197181424115e-01
5.333720878404395e-01  9.473252205129490e-01
5.388876010334603e-01  9.532864769782030e-01
5.420485408161700e-01  9.586504332599737e-01
5.443751232058931e-01  9.635681890413338e-01
5.463390854748377e-01  9.680466505595747e-01
5.480948760224513e-01  9.721062684682206e-01
5.496921751584836e-01  9.757230358144948e-01
5.511405059800267e-01  9.789395852185141e-01
5.524329034654673e-01  9.817608701636702e-01
5.535826863174981e-01  9.842354143243980e-01
5.546367104775045e-01  9.863907003446731e-01
5.555477621461304e-01  9.882577175288348e-01
5.563199936502019e-01  9.898803430350884e-01
5.570146348743472e-01  9.912884574399672e-01
5.576498924657028e-01  9.925135421476617e-01
5.581702876421012e-01  9.935529238443229e-01
5.586275506782997e-01  9.944479077824373e-01
5.590246003760014e-01  9.952232751914776e-01
5.593573730496069e-01  9.958916413113322e-01
5.596550495611805e-01  9.964666102719032e-01
5.599038407580103e-01  9.969627580725091e-01
5.601397316183023e-01  9.973893270844323e-01
5.603226824086558e-01  9.977569679576536e-01
5.604864049757264e-01  9.980736024653423e-01
5.606269024143191e-01  9.983473212410693e-01

3.766628577018606e-01  8.999900005576380e-01
4.877740933588317e-01  9.247374439807109e-01
5.210900762123685e-01  9.352538837977171e-01
5.322965453068625e-01  9.423335084636892e-01
5.372435217625873e-01  9.484272993532611e-01
5.402516237944777e-01  9.540570764928359e-01
5.426097861435131e-01  9.593067634966902e-01
5.446958188512599e-01  9.641584961785641e-01
5.465820008075687e-01  9.685844075344661e-01
5.483088810051856e-01  9.725840481821960e-01
5.498785310959960e-01  9.761501982864360e-01
5.513209445026784e-01  9.793092922260577e-01
5.525978880060709e-01  9.820847782667703e-01
5.537313311951333e-01  9.845171449684642e-01
5.547512169347953e-01  9.866323470816589e-01
5.556379523317784e-01  9.884681366625793e-01
5.564052373257240e-01  9.900633130971662e-01
5.571007515593380e-01  9.914468958530175e-01
5.577161643079303e-01  9.926500226916308e-01
5.582138460049633e-01  9.936692349913242e-01
5.586607067886683e-01  9.945505572243153e-01
5.590531846193829e-01  9.953125149744146e-01
5.594023556265530e-01  9.959682488375053e-01
5.596791519439466e-01  9.965335952934889e-01
5.599244627887198e-01  9.970204481944897e-01
5.601626585634407e-01  9.974387960412928e-01
5.603413322077163e-01  9.977996338243571e-01
5.605034880673387e-01  9.981103720105112e-01

4.100013032829133e-01  9.000010918654313e-01
4.960426967803668e-01  9.204301480065982e-01
5.217674559589472e-01  9.298434494865327e-01
5.309255712459614e-01  9.366795063617960e-01
5.352929248360578e-01  9.428166940482692e-01
5.381845436612219e-01  9.486433714681399e-01
5.405856012941352e-01  9.541902974417394e-01
5.427525459459304e-01  9.594036265719708e-01
5.447763004051656e-01  9.642417592640662e-01
5.466321792649841e-01  9.686578313646825e-01
5.483341267306110e-01  9.726498544992326e-01
5.499060862077341e-01  9.762085778405210e-01
5.513267216480983e-01  9.793667439873768e-01
5.525992015418311e-01  9.821367901569005e-01
5.537450172600542e-01  9.845635283711881e-01
5.547666794851991e-01  9.866738002387011e-01
5.556431505412275e-01  9.885047232227983e-01
5.564333783565709e-01  9.900921704337547e-01
5.571175707363730e-01  9.914719973684545e-01
5.577314158895093e-01  9.926719705838349e-01
5.582232905872772e-01  9.936879503286556e-01
5.586628024032197e-01  9.945664011873826e-01
5.590537086837054e-01  9.953265007442519e-01
5.593841296229769e-01  9.959811018059748e-01
5.596790405052191e-01  9.965448479560556e-01
5.599350001178980e-01  9.970300218308578e-01
5.601490640540754e-01  9.974477536347445e-01
5.603454991271373e-01  9.978072718075965e-01

4.433285714736284e-01  8.999900000423631e-01
5.034833063809219e-01  9.156222511382938e-01
5.220617332641133e-01  9.237217622785400e-01
5.291985784467826e-01  9.300743335789489e-01
5.329524768318735e-01  9.360733135471324e-01
5.356479568965918e-01  9.419894128018909e-01
5.380554560673521e-01  9.477752803499191e-01
5.403104215727206e-01  9.533451690671179e-01
5.424573195798781e-01  9.586096906523418e-01
5.444817856678384e-01  9.635041671582293e-01
5.463502161264735e-01  9.679810675096533e-01
5.480898443305978e-01  9.720446150539165e-01
5.496644877979318e-01  9.756690960726893e-01
5.511174908574414e-01  9.788938415989092e-01
5.524133137390369e-01  9.817204640023891e-01
5.535608739298498e-01  9.842003186597603e-01
5.546104101974402e-01  9.863621123846049e-01
5.555220748435772e-01  9.882338483029391e-01
5.563034188556348e-01  9.898597597109254e-01
5.569816266398314e-01  9.912721483874849e-01
5.576290272260200e-01  9.924997530835258e-01
5.581495493644016e-01  9.935416593055321e-01
5.586052365239800e-01  9.944393362085205e-01
5.589995438525318e-01  9.952168827664918e-01
5.593604067497790e-01  9.958854054214056e-01
5.596579712512694e-01  9.964619574679822e-01
5.599192819569248e-01  9.969579463466041e-01
5.601326934145957e-01  9.973855215264590e-01

4.766614611964493e-01  8.999899948536684e-01
5.107159463438081e-01  9.103742654501216e-01
5.221548911223992e-01  9.167248179600500e-01
5.270686852579551e-01  9.222897594673960e-01
5.300847999199325e-01  9.278444278624708e-01
5.325310158802360e-01  9.335788535202032e-01
5.348502390322335e-01  9.394128376696383e-01
5.371145248247767e-01  9.452292420848672e-01
5.393542454336873e-01  9.509012714257752e-01
5.415123344228682e-01  9.563191066025697e-01
5.435810247360784e-01  9.613841637987767e-01
5.455376945736401e-01  9.660532901604281e-01
5.473293741773830e-01  9.703012087534615e-01
5.489858732803167e-01  9.741112096765655e-01
5.504869881500266e-01  9.775072097073809e-01
5.518522562834652e-01  9.804984047714682e-01
5.530628966611720e-01  9.831280133515473e-01
5.541636157601106e-01  9.854349692029534e-01
5.551222512803766e-01  9.874267844098528e-01
5.559794119132768e-01  9.891561668635021e-01
5.567014478201641e-01  9.906594321781101e-01
5.573470284232309e-01  9.919672304757491e-01
5.579283973952267e-01  9.930940543965142e-01
5.584123917496181e-01  9.940502747286419e-01
5.588156083486119e-01  9.948813640432219e-01
5.591995165273183e-01  9.955970786511575e-01
5.595094267919382e-01  9.962139153758823e-01
5.598016251457101e-01  9.967443175483861e-01

5.099910674055754e-01  8.999937176204895e-01
5.184263120274817e-01  9.044281883740785e-01
5.220968985117540e-01  9.083414200250068e-01
5.243577695808725e-01  9.124763500301679e-01
5.262948798221941e-01  9.170339267624674e-01
5.282634197476705e-01  9.220185446790762e-01
5.303266685134094e-01  9.273804594787888e-01
5.324590735555088e-01  9.330418742999232e-01
5.346784752723699e-01  9.388554157723965e-01
5.369210618792760e-01  9.446741157904662e-01
5.391401851345746e-01  9.503679955737009e-01
5.413446187640828e-01  9.557950091177336e-01
5.434000070305282e-01  9.608939128397550e-01
5.453522431939901e-01  9.656079274167214e-01
5.471440206669267e-01  9.699016951465840e-01
5.488288102841337e-01  9.737537978366506e-01
5.503330834643764e-01  9.771917830751996e-01
5.517127360251313e-01  9.802225925542761e-01
5.529549120545365e-01  9.828865292850398e-01
5.540641565065209e-01  9.852210544150307e-01
5.550358883109426e-01  9.872404972639024e-01
5.558785926719295e-01  9.889982794664800e-01
5.566433652883533e-01  9.905204912158913e-01
5.572972418207047e-01  9.918470332116532e-01
5.578747799914903e-01  9.929923154007605e-01
5.583661553634452e-01  9.939622839291012e-01
5.588022997422537e-01  9.948037161722946e-01
5.591618488947820e-01  9.955307567707681e-01

5.433271930903881e-01  8.999891178513317e-01
5.272208050997438e-01  8.976574638238287e-01
5.219514321013311e-01  8.980213729341834e-01
5.207060792171209e-01  8.995911076444949e-01
5.209546524334395e-01  9.018663628748740e-01
5.218327226401290e-01  9.047057732532634e-01
5.230464055839955e-01  9.080825020554127e-01
5.245122882410607e-01  9.119957565937662e-01
5.261891166684448e-01  9.164380971524307e-01
5.280432713955806e-01  9.213530167845323e-01
5.300583533456860e-01  9.266683815479826e-01
5.321926901848602e-01  9.322836220009290e-01
5.343970198456724e-01  9.380812975280725e-01
5.366217113287206e-01  9.439082311269141e-01
5.388439372677272e-01  9.496293181084409e-01
5.410214190292565e-01  9.551135995719640e-01
5.431325637121844e-01  9.602589704344547e-01
5.451057334605847e-01  9.650275364673934e-01
5.469448025792724e-01  9.693667020826024e-01
5.486291825554380e-01  9.732754403354175e-01
5.501523222816044e-01  9.767651082420779e-01
5.515548276299083e-01  9.798503403680451e-01
5.527997181668445e-01  9.825603455921006e-01
5.539044620991521e-01  9.849384355908379e-01
5.549081042608918e-01  9.869943573638181e-01
5.557827920372221e-01  9.887831130433805e-01
5.565616238580654e-01  9.903332646733344e-01
5.572132969762880e-01  9.916842331853901e-01

