6.298607757443316e-03 8.499999999659066e-01  4.999999999756267e-02
2.075800249433567e+01 8.262239687516387e-01  7.760133334634406e-02
4.166754626178967e+01 8.010836301949434e-01  1.339552794604279e-01
6.276639199165234e+01 8.249428160275013e-01  2.514985674870467e-01
8.371240082432618e+01 8.734880452177695e-01  4.081225860981495e-01
1.051829608800825e+02 8.928684841094062e-01  4.861498248211947e-01
1.273383468708262e+02 9.002592427076535e-01  5.102772996108649e-01
1.496697387396648e+02 9.047083399658605e-01  5.185987689480290e-01
1.720443383195152e+02 9.086638303797377e-01  5.222286315857751e-01
1.944281301937111e+02 9.128424721799867e-01  5.245013566303803e-01
2.168105012339652e+02 9.174385938723872e-01  5.264533189785141e-01
2.391887214431215e+02 9.224510162723063e-01  5.284276866260142e-01
2.615624137911851e+02 9.278433286824354e-01  5.304911132065137e-01
2.839332031761851e+02 9.335113095095112e-01  5.326526989815615e-01
3.063021910709448e+02 9.393277701482016e-01  5.348744261753978e-01
3.286719619482727e+02 9.451397773440144e-01  5.370946102135593e-01
3.510438540434873e+02 9.508131600775567e-01  5.393287398996021e-01
3.734190572727983e+02 9.562210225523441e-01  5.415028893387410e-01
3.957984566858823e+02 9.612859739967298e-01  5.435735215053232e-01
4.181837511370888e+02 9.659600159692577e-01  5.455043177153465e-01
4.405747588232564e+02 9.702182343312545e-01  5.472860221262564e-01
4.629724616464722e+02 9.740380783220187e-01  5.489452266342912e-01
4.853762420797996e+02 9.774366379907625e-01  5.504771320436556e-01
5.077849365336671e+02 9.804312587612835e-01  5.518405903275455e-01
5.301986652881063e+02 9.830689097414401e-01  5.530498190506382e-01
5.526178985453570e+02 9.853788064895759e-01  5.541595016556412e-01
5.750401596545913e+02 9.873750864394427e-01  5.551185337403444e-01
5.974665133119356e+02 9.891147226772069e-01  5.559479223963988e-01
6.198967623419130e+02 9.906213020506737e-01  5.566870062396982e-01
6.423291809580173e+02 9.919340635121077e-01  5.573369473246197e-01
6.647638081970207e+02 9.930652725331103e-01  5.579253811086153e-01
6.872006580016432e+02 9.940250678820199e-01  5.583924540414317e-01
7.096399893434591e+02 9.948579214922693e-01  5.588312565735217e-01
7.320802644162200e+02 9.955773413036288e-01  5.591959410984526e-01
7.545226342138114e+02 9.961962624733783e-01  5.595079021109929e-01
7.769653478179671e+02 9.967300613753590e-01  5.597839898803795e-01
7.994099462982238e+02 9.971889134069387e-01  5.600401829190389e-01
8.218546104230143e+02 9.975846712525392e-01  5.602363951987005e-01
8.443005790333008e+02 9.979247376379466e-01  5.604309433001790e-01
8.667466720676006e+02 9.982186314089194e-01  5.605622373270519e-01
8.891938421779643e+02 9.984730027250274e-01  5.606915215872761e-01
9.116413039571048e+02 9.986939188126388e-01  5.608142761477786e-01
9.340890058568884e+02 9.988864924047138e-01  5.609297014384297e-01
9.565366304428570e+02 9.990545157921946e-01  5.610115992669676e-01
9.789851568236711e+02 9.992002712178522e-01  5.610844624511422e-01
1.001433086347699e+03 9.993259749020503e-01  5.611604376408967e-01
1.023881817314944e+03 9.994337219855884e-01  5.612107300025307e-01
1.046330790288581e+03 9.995254721319149e-01  5.612555003845813e-01

6.300122302157617e-03 9.500000412778210e-01  4.999999443174113e-02
2.040921923801415e+01 9.489586208643592e-01  5.770270017994410e-02
4.081324038388560e+01 9.478593269333901e-01  6.824941019742940e-02
6.121825743758745e+01 9.466974580494028e-01  8.378751889328544e-02
8.162439027431597e+01 9.454475675768543e-01  1.092810923568787e-01
1.020319019965039e+02 9.442549538159178e-01  1.594488332807185e-01
1.224403850952147e+02 9.524212703446382e-01  2.822877475499971e-01
1.429035297857979e+02 9.713275973281856e-01  4.579094968485494e-01
1.645609053314796e+02 9.783581019412541e-01  5.261370778786999e-01
1.868281768577700e+02 9.819810945914855e-01  5.452529077899282e-01
2.092099302491573e+02 9.846124669227554e-01  5.515524451942335e-01
2.316219187724373e+02 9.867632312058939e-01  5.541224122355787e-01
2.540442430630254e+02 9.885947589550257e-01  5.554866758929174e-01
2.764720667558276e+02 9.901739691161630e-01  5.563983250143099e-01
2.989033284764308e+02 9.915397795576211e-01  5.571668406070531e-01
3.213356680966761e+02 9.927316298768926e-01  5.577559621352866e-01
3.437721523491585e+02 9.937384927660224e-01  5.582504618729518e-01
3.662108702417072e+02 9.946106083199676e-01  5.586894006292873e-01
3.886511413302883e+02 9.953645893327361e-01  5.590717482929385e-01
4.110931550593743e+02 9.960138898050859e-01  5.593942474291672e-01
4.335361384382601e+02 9.965730082978875e-01  5.596888141974509e-01
4.559803742948178e+02 9.970535964970330e-01  5.599593367813516e-01
4.784248399767433e+02 9.974670826446173e-01  5.601936850418309e-01
5.008699225922545e+02 9.978241923548034e-01  5.603569214667956e-01
5.233165470792836e+02 9.981316841569172e-01  5.605122405844082e-01
5.457636857728495e+02 9.983973849085287e-01  5.606605613141974e-01
5.682112157220034e+02 9.986280522855491e-01  5.607847676427343e-01
5.906587153355265e+02 9.988293109577473e-01  5.608885239273758e-01
6.131069592843195e+02 9.990046505847393e-01  5.609809695237693e-01
6.355553005269987e+02 9.991571228456831e-01  5.610695907275631e-01
6.580039285513834e+02 9.992889302473961e-01  5.611237900459445e-01
6.804526535946081e+02 9.994018437996378e-01  5.612064315973299e-01
7.029008960577620e+02 9.994982686144731e-01  5.612760505301831e-01
7.253493257831218e+02 9.995801381865544e-01  5.613122617150507e-01
7.477984990169243e+02 9.996493244047716e-01  5.613249001530400e-01
7.702478110360361e+02 9.997074330155074e-01  5.613643925875916e-01
7.926972041040217e+02 9.997561023116659e-01  5.613955100659963e-01
8.151468154128843e+02 9.997968040770151e-01  5.614353210697866e-01
8.375957148446271e+02 9.998308310960452e-01  5.614541083192234e-01
8.600451330404665e+02 9.998592162648212e-01  5.614501784999586e-01
8.824948103820554e+02 9.998828843697263e-01  5.614710549319519e-01
9.049444365095061e+02 9.999025707501114e-01  5.614828681360587e-01
9.273941622627159e+02 9.999189540706599e-01  5.615049783537496e-01
9.498432996818874e+02 9.999325738565307e-01  5.615097942080480e-01
9.722930615254480e+02 9.999439270760517e-01  5.615129309086972e-01
9.947427761118200e+02 9.999533597365500e-01  5.615136799918702e-01
1.017192739610728e+03 9.999612190700266e-01  5.615282557854995e-01
1.039641986047045e+03 9.999677683296888e-01  5.615332481322259e-01

6.298607758730239e-03 4.999999461991238e-02  1.499584560281735e-01
2.038852998517920e+01 5.105653399920194e-02  1.891773329259090e-01
4.077029455552402e+01 5.203174567094206e-02  2.770465544012603e-01
6.120547113788304e+01 4.810571328986912e-02  4.455372437203452e-01
8.273080250441797e+01 2.889524441211923e-02  5.368032547015722e-01
1.050640092983682e+02 2.103371151070757e-02  5.605279583641793e-01
1.275103759775844e+02 1.725002666764371e-02  5.665028009518726e-01
1.499765968160608e+02 1.465342226495349e-02  5.675562595836189e-01
1.724454707059880e+02 1.258851717560733e-02  5.672360596028738e-01
1.949137742009202e+02 1.083892152267388e-02  5.666084044271399e-01
2.173794812820471e+02 9.336127038626456e-03  5.659286221878801e-01
2.398435589274768e+02 8.029115650648504e-03  5.653235623795058e-01
2.623057099471514e+02 6.904179329913998e-03  5.647876596219447e-01
2.847663743494267e+02 5.948759649490181e-03  5.643160459824877e-01
3.072255496852030e+02 5.119799366921344e-03  5.639276817174959e-01
3.296836744456665e+02 4.404392639097264e-03  5.635704685492703e-01
3.521410812211337e+02 3.787837591462471e-03  5.632847971197095e-01
3.745968859719852e+02 3.257098454928888e-03  5.630191273201252e-01
3.970524792152940e+02 2.799561852923561e-03  5.628087959552576e-01
4.195075009790272e+02 2.405772803449679e-03  5.626245542676693e-01
4.419617137731131e+02 2.066787289714044e-03  5.624729985567890e-01
4.644148054742932e+02 1.774473787536896e-03  5.623287263306356e-01
4.868680969783803e+02 1.521031882186310e-03  5.622314639666328e-01
5.093204106696443e+02 1.301233617114785e-03  5.621185668524510e-01
5.317730334012883e+02 1.109132661781145e-03  5.620227987937234e-01
5.542253228058541e+02 9.416803106766506e-04  5.619389662302535e-01
5.766772113359357e+02 7.964981317151476e-04  5.618863094076654e-01
5.991287495668266e+02 6.712795821374960e-04  5.618433629308575e-01
6.215794201542315e+02 5.640825862028745e-04  5.617823509903327e-01
6.440305822225401e+02 4.727005163948764e-04  5.617454276181697e-01
6.664814480306684e+02 3.953308659149524e-04  5.617074062021741e-01
6.889322813867374e+02 3.300367889226277e-04  5.616726049181527e-01
7.113829208163980e+02 2.753478579729649e-04  5.616719368675430e-01
7.338327061834757e+02 2.294770643778763e-04  5.616547125237807e-01
7.562824780928910e+02 1.911874028181926e-04  5.616273362751987e-01
7.787328883159852e+02 1.591613843103361e-04  5.616097116936283e-01
8.011832015538646e+02 1.324374411637874e-04  5.615906473895393e-01
8.236333820204914e+02 1.101851350478363e-04  5.615764626557802e-01
8.460836129969755e+02 9.165121946924705e-05  5.615729923643680e-01
8.685337982171891e+02 7.622767576067276e-05  5.615716190442541e-01
8.909838727445871e+02 6.337808962289769e-05  5.615637558784136e-01
9.134339052785248e+02 5.268704669857425e-05  5.615639058993253e-01
9.358838312929316e+02 4.382362389622642e-05  5.615739245319644e-01
9.583332976976984e+02 3.644133009078856e-05  5.615801118817658e-01
9.807827363769665e+02 3.030808674310073e-05  5.615734409758455e-01
1.003231993529958e+03 2.520908894778916e-05  5.615607405851135e-01
1.025682018646130e+03 2.098253596055774e-05  5.615483603771408e-01
1.048132009481372e+03 1.745330004869919e-05  5.615471223716949e-01

6.298607757327877e-03 8.499999683356589e-01  1.499999611392687e-01
2.075737278796106e+01 8.833099911782819e-01  2.948799425036052e-01
4.143438452058599e+01 9.202607575444468e-01  4.543459620380671e-01
6.314774947061132e+01 9.345923519276256e-01  5.121814369513418e-01
8.536719408562632e+01 9.425548234730031e-01  5.298462667448575e-01
1.076976995777479e+02 9.488700412163655e-01  5.366358028479568e-01
1.300603100020611e+02 9.545388694489720e-01  5.402131906624480e-01
1.524355215070578e+02 9.597708936956963e-01  5.427296786121998e-01
1.748182210932273e+02 9.645905548663664e-01  5.448653259882593e-01
1.972070890353594e+02 9.689743847619231e-01  5.467534215843386e-01
2.196024671006314e+02 9.729289798790939e-01  5.484674004313117e-01
2.420042279801248e+02 9.764562720884794e-01  5.500213141630642e-01
2.644119301065348e+02 9.795804182051452e-01  5.514422374624275e-01
2.868244586762996e+02 9.823234930560177e-01  5.526933579583762e-01
3.092423547742457e+02 9.847295134786401e-01  5.538174299234081e-01
3.316643387099384e+02 9.868139065469795e-01  5.548294928323235e-01
3.540892292757758e+02 9.886269062724599e-01  5.557072246336197e-01
3.765180413091570e+02 9.901988070391391e-01  5.564687034384205e-01
3.989496250933919e+02 9.915652645737391e-01  5.571577826759084e-01
4.213836402705398e+02 9.927514437222077e-01  5.577681038837278e-01
4.438193217064427e+02 9.937549228783129e-01  5.582734705217030e-01
4.662579464743042e+02 9.946250167670470e-01  5.587036334590562e-01
4.886985510022198e+02 9.953770987480108e-01  5.590778548284369e-01
5.111405856307406e+02 9.960245424172240e-01  5.594121167741730e-01
5.335837481136422e+02 9.965823591975318e-01  5.596928908136833e-01
5.560280300917433e+02 9.970613804410356e-01  5.599680173780514e-01
5.784723014769860e+02 9.974746446775191e-01  5.601796151066284e-01
6.009182962178206e+02 9.978303827503943e-01  5.603606471369088e-01
6.233649316385306e+02 9.981370092700885e-01  5.605154205179860e-01
6.458120802781588e+02 9.984021109615836e-01  5.606563245963470e-01
6.682595773844483e+02 9.986323244601119e-01  5.607819617453217e-01
6.907075280040165e+02 9.988329273239307e-01  5.608978353702235e-01
7.131556484216775e+02 9.990076915299445e-01  5.609822351703899e-01
7.356039270979768e+02 9.991597325506643e-01  5.610601339383788e-01
7.580525491896017e+02 9.992910290848078e-01  5.611351222915953e-01
7.805013412107303e+02 9.994036203062230e-01  5.612021822889957e-01
8.029495726189331e+02 9.994998197920293e-01  5.612754650606582e-01
8.253979953385590e+02 9.995815253275000e-01  5.613062205409797e-01
8.478472272894081e+02 9.996504610969987e-01  5.613393200793532e-01
8.702965527762270e+02 9.997084464392968e-01  5.613725876895711e-01
8.927459619327134e+02 9.997569018726995e-01  5.614073369290249e-01
9.151948372589893e+02 9.997974451843522e-01  5.614466674029094e-01
9.376437734364854e+02 9.998313377644582e-01  5.614567212734124e-01
9.600932821121402e+02 9.998596594869665e-01  5.614508581113687e-01
9.825429601118067e+02 9.998832162585620e-01  5.614944100546629e-01
1.004991708462886e+03 9.999028171636357e-01  5.614954520555722e-01
1.027441583943203e+03 9.999191706306961e-01  5.615086800946152e-01
1.049890648370155e+03 9.999327528671363e-01  5.615113653008366e-01

6.300122301879117e-03 9.499958234032320e-01  1.497247193595965e-01
2.040841211062001e+01 9.537235152697259e-01  2.535214551330575e-01
4.082870681078050e+01 9.726743903555169e-01  4.350977441469792e-01
6.225411418730148e+01 9.801174445054205e-01  5.207138491503108e-01
8.448124630015717e+01 9.836273989383002e-01  5.442836020152171e-01
1.068575689814827e+02 9.860771176753078e-01  5.517404159745261e-01
1.292698121948641e+02 9.880414179148099e-01  5.545736932888173e-01
1.516945330911316e+02 9.897050061399539e-01  5.559695604735836e-01
1.741241282574621e+02 9.911381169203152e-01  5.568705112370201e-01
1.965570647853488e+02 9.923862879222923e-01  5.575397635355127e-01
2.189928833138368e+02 9.934461849558524e-01  5.580952882125390e-01
2.414307922991520e+02 9.943560711451769e-01  5.585639201254022e-01
2.638705424426731e+02 9.951450294136068e-01  5.589627612250231e-01
2.863120633503729e+02 9.958237976435850e-01  5.593169887760995e-01
3.087541805790248e+02 9.964083910734913e-01  5.596328194747098e-01
3.311974740846956e+02 9.969126238392600e-01  5.598854732525673e-01
3.536424313059785e+02 9.973467981369146e-01  5.600958863018283e-01
3.760880881794621e+02 9.977202179432557e-01  5.602942818335864e-01
3.985341659762634e+02 9.980411674325780e-01  5.604873235323065e-01
4.209803349860114e+02 9.983190135202474e-01  5.606223009050062e-01
4.434278258826304e+02 9.985593732700278e-01  5.607776099336453e-01
4.658744976249567e+02 9.987693710773021e-01  5.608725732150877e-01
4.883226984127907e+02 9.989516120759901e-01  5.609610052606072e-01
5.107710059420125e+02 9.991109989368134e-01  5.610461307944669e-01
5.332194847056566e+02 9.992490674892232e-01  5.611201188724139e-01
5.556682271622617e+02 9.993674521183344e-01  5.612006199671111e-01
5.781164282975120e+02 9.994690537530843e-01  5.612651418147134e-01
6.005648303716155e+02 9.995553456977951e-01  5.612984280730553e-01
6.230139396273245e+02 9.996282323770976e-01  5.613448388261759e-01
6.454628322735570e+02 9.996896967584656e-01  5.613640044185303e-01
6.679121860793493e+02 9.997412837665405e-01  5.613857827581266e-01
6.903616352964898e+02 9.997844211439361e-01  5.614131639459864e-01
7.128111778801396e+02 9.998204951052253e-01  5.614433592481854e-01
7.352603871892048e+02 9.998506019692165e-01  5.614513352922649e-01
7.577100697289135e+02 9.998757088966642e-01  5.614612992847917e-01
7.801598125458622e+02 9.998966295109282e-01  5.614790005820816e-01
8.026095235891753e+02 9.999140372009850e-01  5.614824014578982e-01
8.250594641563775e+02 9.999284858570722e-01  5.614974906302524e-01
8.475092393755871e+02 9.999404893256710e-01  5.615268420699369e-01
8.699580379921266e+02 9.999505079789518e-01  5.615227882698864e-01
8.924078888582949e+02 9.999588439750623e-01  5.615138696912702e-01
9.148576660210997e+02 9.999657750769388e-01  5.615338200236336e-01
9.373069511479018e+02 9.999715284014132e-01  5.615334825769994e-01
9.597567302481688e+02 9.999763167126610e-01  5.615276847868008e-01
9.822066225080947e+02 9.999802983245853e-01  5.615262650712962e-01
1.004656516526118e+03 9.999836081577982e-01  5.615250130328704e-01
1.027106536196485e+03 9.999863636011388e-01  5.615282767895899e-01
1.049556404605391e+03 9.999886612027936e-01  5.615271106454088e-01

6.298607758749022e-03 5.168397481020987e-02  1.036352277691919e-01
2.038895524271057e+01 5.281113700231992e-02  1.135831664615573e-01
4.077156022682946e+01 5.400579389892568e-02  1.272355233766426e-01
6.115405266936401e+01 5.528798886820489e-02  1.476797426450516e-01
8.153627912308994e+01 5.667007953897299e-02  1.828816617380919e-01
1.019180231698457e+02 5.808719284295241e-02  2.583616799361108e-01
1.223267772362893e+02 5.593066738612461e-02  4.186839146539276e-01
1.435854518342089e+02 3.508109738390199e-02  5.299354589231727e-01
1.658752655221074e+02 2.465081869343998e-02  5.596729130643052e-01
1.883191224383170e+02 1.999364225869286e-02  5.671079664813302e-01
2.107870487557689e+02 1.695566802062140e-02  5.684710561531896e-01
2.332584834407429e+02 1.454952259937433e-02  5.681608152556438e-01
2.557284777408961e+02 1.253982078921773e-02  5.674048381746893e-01
2.781972209825931e+02 1.080668011666128e-02  5.666306754532182e-01
3.006638887677512e+02 9.308599317945799e-03  5.659294247163282e-01
3.231278156311478e+02 8.005837646033593e-03  5.653233535090888e-01
3.455899249896202e+02 6.884946308858549e-03  5.647748390875814e-01
3.680508271010901e+02 5.932612452386683e-03  5.643071320357771e-01
3.905105846331247e+02 5.104735978291034e-03  5.639023886825436e-01
4.129690660216087e+02 4.391010326978775e-03  5.635686899448198e-01
4.354257548824299e+02 3.776678346420292e-03  5.632802495611746e-01
4.578821902771161e+02 3.247045059512942e-03  5.630275503961446e-01
4.803378061459214e+02 2.791194743736270e-03  5.628118810132231e-01
5.027920830663290e+02 2.399013386451084e-03  5.626486483916981e-01
5.252457166600088e+02 2.061422202620693e-03  5.624771456542766e-01
5.476995066402122e+02 1.769665113935620e-03  5.623298817306913e-01
5.701527755441858e+02 1.516990697392820e-03  5.622236203467782e-01
5.926050507031511e+02 1.297577682874565e-03  5.621178943456725e-01
6.150576721498479e+02 1.105963583999326e-03  5.620160692637631e-01
6.375098993378944e+02 9.390178371647050e-04  5.619435928693551e-01
6.599618226415942e+02 7.941142793017825e-04  5.618809746023566e-01
6.824133419221107e+02 6.692006898440557e-04  5.618255618071718e-01
7.048647037376645e+02 5.621866799469299e-04  5.617759876871637e-01
7.273157586221780e+02 4.710318398371908e-04  5.617394734307724e-01
7.497666267843935e+02 3.938679428347168e-04  5.617214601724730e-01
7.722165686834353e+02 3.289086901634125e-04  5.616846708699978e-01
7.946672450140035e+02 2.743442954926819e-04  5.616629005075751e-01
8.171174498935412e+02 2.286509070546530e-04  5.616534735783295e-01
8.395671208468738e+02 1.904909052786466e-04  5.616203483143913e-01
8.620175092441430e+02 1.585980425210379e-04  5.615984110734069e-01
8.844678084598133e+02 1.319764063462329e-04  5.615900898469151e-01
9.069180764777485e+02 1.098026031773963e-04  5.615763735318751e-01
9.293682289935464e+02 9.134119577165455e-05  5.615778140926867e-01
9.518183772418765e+02 7.597228595672005e-05  5.615743421273088e-01
9.742684609789155e+02 6.319771192588986e-05  5.615675182296483e-01
9.967185066830402e+02 5.253734845664213e-05  5.615684946304309e-01
1.019167968533496e+03 4.369330669438991e-05  5.615784587981636e-01
1.041617449614196e+03 3.634189456633736e-05  5.615814838790378e-01

6.298607758361384e-03 1.502574823647303e-01  2.392052036064246e-01
2.039860771531410e+01 1.726888754222070e-01  3.294028303298245e-01
4.099646548449854e+01 1.835227333986715e-01  4.638106166239045e-01
6.270621721702401e+01 1.392630624549255e-01  5.657799894877882e-01
8.516923133145889e+01 1.055316299912341e-01  5.990501083037749e-01
1.076676626383442e+02 9.299237218358962e-02  6.074792730147959e-01
1.301548116080436e+02 8.614963850985444e-02  6.081833142191786e-01
1.526408123671801e+02 8.062545306541546e-02  6.062667359307441e-01
1.751301030437664e+02 7.521820141452321e-02  6.033497474706248e-01
1.976237095705558e+02 6.964627832142387e-02  6.000052351953689e-01
2.201216939885904e+02 6.390300256276386e-02  5.964695493981118e-01
2.426224829424873e+02 5.808528192102035e-02  5.929502878469372e-01
2.651244143602501e+02 5.234874606948995e-02  5.895112109058392e-01
2.876262848443768e+02 4.680734306143751e-02  5.862458794255206e-01
3.101259162404241e+02 4.155409719936533e-02  5.831949810492350e-01
3.326232233840479e+02 3.666562248148608e-02  5.804380517239733e-01
3.551173712938438e+02 3.219161159318251e-02  5.779269379067787e-01
3.776088427437277e+02 2.812623400062672e-02  5.756749604135029e-01
4.000966094796138e+02 2.449515410671447e-02  5.737307387202836e-01
4.225803801731861e+02 2.126288598776620e-02  5.720244111533380e-01
4.450605913213403e+02 1.842637119769694e-02  5.705445755071056e-01
4.675372553081444e+02 1.593738298721048e-02  5.692745879224526e-01
4.900098855030960e+02 1.375983074406217e-02  5.681949251480222e-01
5.124791767906689e+02 1.187797018691913e-02  5.672119158092640e-01
5.349474815182037e+02 1.023974701056848e-02  5.663826347204717e-01
5.574134377018471e+02 8.817050333283609e-03  5.657091987127317e-01
5.798764420327416e+02 7.578318661503720e-03  5.651094332180583e-01
6.023381429952013e+02 6.525288125052257e-03  5.645959871970411e-01
6.247985139003428e+02 5.619773028267414e-03  5.641490791127787e-01
6.472577087620630e+02 4.833958120616022e-03  5.637939873312515e-01
6.697149112203136e+02 4.158661125183267e-03  5.634576376174029e-01
6.921718923950136e+02 3.576143075796923e-03  5.631749735570225e-01
7.146280631842326e+02 3.074426337159547e-03  5.629304074981497e-01
7.370834515140782e+02 2.642190016752670e-03  5.627258053740760e-01
7.595382041380910e+02 2.270198148226761e-03  5.625598039523426e-01
7.819921871306030e+02 1.949883402401280e-03  5.624172062671742e-01
8.044458419004470e+02 1.673407201600469e-03  5.622948303144462e-01
8.268991120470891e+02 1.433517105829553e-03  5.621669347709921e-01
8.493519351668813e+02 1.224323150744403e-03  5.620744938970843e-01
8.718042547113646e+02 1.042129446412878e-03  5.619885852774181e-01
8.942563305656828e+02 8.835210701258772e-04  5.619212092283862e-01
9.167081484982735e+02 7.461982688709368e-04  5.618646032081120e-01
9.391596887070087e+02 6.281545561181144e-04  5.618150939470132e-01
9.616108582717141e+02 5.271094331157713e-04  5.617828904026964e-01
9.840612715060548e+02 4.414157790471750e-04  5.617505855712613e-01
1.006512133600437e+03 3.690022090127340e-04  5.616977182744670e-01
1.028962888288762e+03 3.079694845284064e-04  5.616668869243111e-01
1.051413475110748e+03 2.567471243843934e-04  5.616547770249414e-01

6.298607757333402e-03 8.499227346057512e-01  2.499088599520519e-01
2.078121908901394e+01 8.973525146459882e-01  4.181249874009199e-01
4.221703689526333e+01 9.166506369284745e-01  4.970526553972982e-01
6.436296372878067e+01 9.256929045884718e-01  5.208688284136204e-01
8.667308744710074e+01 9.323706202791000e-01  5.294792130532576e-01
1.090244711304358e+02 9.384630264474980e-01  5.336938243541836e-01
1.313884186615889e+02 9.443607949652049e-01  5.365620748595866e-01
1.537582552345456e+02 9.500855117569311e-01  5.389611305037089e-01
1.761323470589521e+02 9.555502213383260e-01  5.411849674984007e-01
1.985116236573798e+02 9.606657697780357e-01  5.433029368892217e-01
2.208960792701438e+02 9.653986145419006e-01  5.452597707631679e-01
2.432861011761613e+02 9.697025039447207e-01  5.470884928017851e-01
2.656825416918402e+02 9.735776612833600e-01  5.487464780800352e-01
2.880855637871985e+02 9.770340788792767e-01  5.502675392317077e-01
3.104940685055751e+02 9.800842662770407e-01  5.516608411454819e-01
3.329076559903519e+02 9.827663175076540e-01  5.528851658524347e-01
3.553262992473996e+02 9.851145656213860e-01  5.540205495209797e-01
3.777482875308468e+02 9.871455424336570e-01  5.549989960936966e-01
4.001740041756480e+02 9.889138611553550e-01  5.558519920573006e-01
4.226032472667217e+02 9.904468860652158e-01  5.566071084037936e-01
4.450353595793957e+02 9.917812674508365e-01  5.572687628441816e-01
4.674697612022190e+02 9.929350752700299e-01  5.578632457354581e-01
4.899057643708423e+02 9.939129376525437e-01  5.583486528927756e-01
5.123449145070980e+02 9.947607502441879e-01  5.587903650052941e-01
5.347850806193950e+02 9.954938683412574e-01  5.591502980583267e-01
5.572273907162146e+02 9.961247364237209e-01  5.594532844133846e-01
5.796702785213806e+02 9.966677838878990e-01  5.597686780703721e-01
6.021140923768454e+02 9.971357219165421e-01  5.600012143860086e-01
6.245592539900254e+02 9.975388381659164e-01  5.601876832799105e-01
6.470051544085246e+02 9.978850995395623e-01  5.604013531059798e-01
6.694511624552249e+02 9.981841577540571e-01  5.605597031788029e-01
6.918983697889204e+02 9.984424791433759e-01  5.607037012278476e-01
7.143453881612589e+02 9.986676029672762e-01  5.608005972552300e-01
7.367933737036691e+02 9.988637923334023e-01  5.608924392842574e-01
7.592415747144321e+02 9.990348349307508e-01  5.609882669028734e-01
7.816896528408865e+02 9.991832956137033e-01  5.610571363344515e-01
8.041382249997372e+02 9.993112938008530e-01  5.611484991045328e-01
8.265869227601131e+02 9.994212668043333e-01  5.612067164331935e-01
8.490358570424866e+02 9.995149540017707e-01  5.612517064504283e-01
8.714848192504862e+02 9.995941905828417e-01  5.612946563637010e-01
8.939340075028180e+02 9.996611048561119e-01  5.613383004006914e-01
9.163832170570656e+02 9.997173090928404e-01  5.613716368075650e-01
9.388325713939286e+02 9.997644354977632e-01  5.614022352390975e-01
9.612818441694972e+02 9.998037621642358e-01  5.614414208038337e-01
9.837307718794950e+02 9.998365788475456e-01  5.614713164454649e-01
1.006179687462943e+03 9.998640064020226e-01  5.614729857484441e-01
1.028629382701537e+03 9.998868768440743e-01  5.614779382338139e-01
1.051079089361242e+03 9.999058749091524e-01  5.614840547775356e-01

6.298781852518800e-03 9.339374537353886e-01  1.575801563191770e-01
2.043004238824054e+01 9.445539050799535e-01  2.847780888973745e-01
4.090754687477870e+01 9.661678832719951e-01  4.591995909352758e-01
6.258100201984197e+01 9.742389375873768e-01  5.252159128826404e-01
8.484343765724589e+01 9.784736484704460e-01  5.438961806429830e-01
1.072197136835707e+02 9.815644994837222e-01  5.502005676487965e-01
1.296265010949380e+02 9.841170633204560e-01  5.528817300644330e-01
1.520444786207489e+02 9.863076926998758e-01  5.543817748773769e-01
1.744680417517720e+02 9.881944780600885e-01  5.554076287706334e-01
1.968964378560348e+02 9.898247450681983e-01  5.562653367846623e-01
2.193272416459213e+02 9.912413714952719e-01  5.569819808224432e-01
2.417613797959004e+02 9.924730251435783e-01  5.576184999231264e-01
2.641967244925600e+02 9.935190826169781e-01  5.581478904825401e-01
2.866349066190060e+02 9.944200672241167e-01  5.585963527210057e-01
3.090751776752488e+02 9.951989425574028e-01  5.590040924876054e-01
3.315161770090185e+02 9.958700439071292e-01  5.593500862141131e-01
3.539584285938780e+02 9.964479833812987e-01  5.596565277866286e-01
3.764018502132599e+02 9.969461877740867e-01  5.599134003607529e-01
3.988465493717076e+02 9.973756235343881e-01  5.601144504496067e-01
4.212922869396192e+02 9.977445215476762e-01  5.603299170314028e-01
4.437378418556239e+02 9.980627532945503e-01  5.604868411199577e-01
4.661847816761326e+02 9.983378064744564e-01  5.606212783052692e-01
4.886321484809981e+02 9.985764701992097e-01  5.607378460478585e-01
5.110804792210036e+02 9.987843677030298e-01  5.608523351618420e-01
5.335285989223578e+02 9.989657584153919e-01  5.609485464895709e-01
5.559768501814441e+02 9.991233518104610e-01  5.610376595607740e-01
5.784253874795484e+02 9.992596017250691e-01  5.611192937256572e-01
6.008741435845025e+02 9.993768959043756e-01  5.611860487705320e-01
6.233230344157993e+02 9.994770287997299e-01  5.612535852477164e-01
6.457713813819016e+02 9.995620575773613e-01  5.613168751884061e-01
6.682198373359732e+02 9.996339768014691e-01  5.613457848750043e-01
6.906690597963114e+02 9.996945303133949e-01  5.613687888609205e-01
7.131182853431478e+02 9.997453616104863e-01  5.613937088934656e-01
7.355677532900889e+02 9.997878268331715e-01  5.614171461081234e-01
7.580173159064844e+02 9.998232905333984e-01  5.614496563379114e-01
7.804662081196512e+02 9.998529351814683e-01  5.614639516986824e-01
8.029158330233538e+02 9.998776481100909e-01  5.614658813999664e-01
8.253655878955421e+02 9.998982412323044e-01  5.614782276602488e-01
8.478152823837336e+02 9.999153647031447e-01  5.614895663680242e-01
8.702649341499762e+02 9.999295829077501e-01  5.615001792597875e-01
8.927147198031219e+02 9.999414199209440e-01  5.615052114235998e-01
9.151645041364370e+02 9.999512885962111e-01  5.615056296293911e-01
9.376142189382543e+02 9.999594804975857e-01  5.615130441629548e-01
9.600640419456801e+02 9.999663232965310e-01  5.615148409783526e-01
9.825139809138155e+02 9.999719809056395e-01  5.615219965241481e-01
1.004963755055109e+03 9.999766939951238e-01  5.615342937777869e-01
1.027413043972668e+03 9.999806143933907e-01  5.615321872710027e-01
1.049862958479104e+03 9.999838726753373e-01  5.615292345458223e-01

6.298607758698054e-03 5.280410918263728e-02  2.523002376495320e-01
2.040901020614782e+01 5.096494940851987e-02  4.110450031719824e-01
4.159497338555187e+01 3.223402444280127e-02  5.267725393334070e-01
6.386337719666111e+01 2.244629269426937e-02  5.580609151568607e-01
8.630111394758315e+01 1.814921897312517e-02  5.660200008862919e-01
1.087659521543834e+02 1.536036734751638e-02  5.676105043115921e-01
1.312348244678057e+02 1.317561770811156e-02  5.674589685281075e-01
1.537029247145626e+02 1.134487968347669e-02  5.668357750229286e-01
1.761693467529824e+02 9.772556099404230e-03  5.661256891278149e-01
1.986345081101511e+02 8.408734899352342e-03  5.655006216388601e-01
2.210968781099633e+02 7.226234866882788e-03  5.649284334908830e-01
2.435580613906575e+02 6.226264726087527e-03  5.644499802660959e-01
2.660181004985113e+02 5.359323906995010e-03  5.640193750062629e-01
2.884770151220965e+02 4.610008351374328e-03  5.636699944036695e-01
3.109346744887174e+02 3.965866853410755e-03  5.633653195989230e-01
3.333907559685305e+02 3.410417895081869e-03  5.631262406283639e-01
3.558459609376004e+02 2.932304830853681e-03  5.628879428326374e-01
3.783011226314156e+02 2.520341341232331e-03  5.626791690874567e-01
4.007554666194097e+02 2.165530661212642e-03  5.625158350137350e-01
4.232095082522366e+02 1.859513996748556e-03  5.623778619837742e-01
4.456630389605382e+02 1.595058424721012e-03  5.622341956333250e-01
4.681161310390019e+02 1.365150611434230e-03  5.621434100458261e-01
4.905687940979674e+02 1.164905443597185e-03  5.620483838019745e-01
5.130209367546531e+02 9.904269425061790e-04  5.619794928017923e-01
5.354722782194279e+02 8.388100592731123e-04  5.619052242422248e-01
5.579239241734664e+02 7.077955600389343e-04  5.618516052083729e-01
5.803746955252130e+02 5.953538600931221e-04  5.618052119532052e-01
6.028259338427348e+02 4.992310497211523e-04  5.617548325810635e-01
6.252769558506897e+02 4.177917050028225e-04  5.617160671424791e-01
6.477278100155381e+02 3.490326293617370e-04  5.616848866663861e-01
6.701785023383833e+02 2.912315135385550e-04  5.616628489960923e-01
6.926289876776402e+02 2.427815629098045e-04  5.616427416289618e-01
7.150794960323623e+02 2.022187793610549e-04  5.616265555439965e-01
7.375297746238691e+02 1.683764897662776e-04  5.616087696113845e-01
7.599799182294174e+02 1.401358451170728e-04  5.616267425335113e-01
7.824291118151077e+02 1.166009004305284e-04  5.615850976532869e-01
8.048801646879645e+02 9.701424676586706e-05  5.615893701279261e-01
8.273296217029566e+02 8.069423959450374e-05  5.615831331093497e-01
8.497796542134095e+02 6.713713443059234e-05  5.615718527941312e-01
8.722296899699462e+02 5.585115962811134e-05  5.615642082515602e-01
8.946798316253148e+02 4.645843403198588e-05  5.615704931588884e-01
9.171292545035118e+02 3.862935414758211e-05  5.615702882561845e-01
9.395785962685234e+02 3.210613314478944e-05  5.615650645507465e-01
9.620280277193959e+02 2.670895887261556e-05  5.615553203817709e-01
9.844780344830550e+02 2.221254513782161e-05  5.615455641714567e-01
1.006928013675724e+03 1.847324803735378e-05  5.615449289847347e-01
1.029377960066038e+03 1.536641744635642e-05  5.615426486021678e-01
1.051828006418087e+03 1.277000949944663e-05  5.615379462355301e-01

6.298607758353648e-03 1.621346630666166e-01  2.575614588261257e-01
2.041315083151710e+01 1.878521815413969e-01  3.574728997269167e-01
4.116751648111742e+01 1.945104160675442e-01  4.875410009000986e-01
6.311021427377862e+01 1.454845609629484e-01  5.768712958113021e-01
8.559809485837832e+01 1.149547121964082e-01  6.067013646737115e-01
1.080872666720173e+02 1.043076640665766e-01  6.151171119619536e-01
1.305580884014961e+02 9.922680922265138e-02  6.166870538722423e-01
1.530253867385980e+02 9.548888318231699e-02  6.158159570922330e-01
1.754950361918910e+02 9.181645142787996e-02  6.139404429945828e-01
1.979693848653068e+02 8.779962620851299e-02  6.115018056647779e-01
2.204495271329868e+02 8.331699534796684e-02  6.086840683226142e-01
2.429348642296292e+02 7.838815770345139e-02  6.055723747544869e-01
2.654251815049628e+02 7.307126467893123e-02  6.022243390099583e-01
2.879204608202030e+02 6.746760254234607e-02  5.987112284924251e-01
3.104198342573355e+02 6.169676820239599e-02  5.951641586633303e-01
3.329209619447095e+02 5.590985188134486e-02  5.916374152310458e-01
3.554230080499948e+02 5.022650682476523e-02  5.882623008852905e-01
3.779244293299169e+02 4.478211215490745e-02  5.850621257478612e-01
4.004240596304006e+02 3.966143916296332e-02  5.821313339894840e-01
4.229202336482837e+02 3.491966290796058e-02  5.794729240754739e-01
4.454131385535608e+02 3.060577841702181e-02  5.770570538468945e-01
4.679030638984240e+02 2.671400920914099e-02  5.749225802563370e-01
4.903893373486910e+02 2.323839437594642e-02  5.730314914076748e-01
5.128714798696192e+02 2.015741164121240e-02  5.714252360397321e-01
5.353504786433192e+02 1.745299272331206e-02  5.700174265213167e-01
5.578260686874759e+02 1.507949239579659e-02  5.688284972564820e-01
5.802975316844336e+02 1.302476561732813e-02  5.678147550332994e-01
6.027662066566193e+02 1.123757641453673e-02  5.669194328176851e-01
6.252329334666563e+02 9.687225387124932e-03  5.661478868209879e-01
6.476974338247188e+02 8.337529637305384e-03  5.654702725943516e-01
6.701603617318777e+02 7.164872560612607e-03  5.648933411656625e-01
6.926215167663701e+02 6.173541591146926e-03  5.644122760273482e-01
7.150815915416049e+02 5.313178053592777e-03  5.639965283805335e-01
7.375403574555194e+02 4.570234902635095e-03  5.636458446890995e-01
7.599979410718489e+02 3.930322673231282e-03  5.633377645434589e-01
7.824544395308038e+02 3.379474127593290e-03  5.631036333567646e-01
8.049095414482903e+02 2.905658789500707e-03  5.628775314124316e-01
8.273646448449227e+02 2.497628241837530e-03  5.626862402747138e-01
8.498186014837769e+02 2.146369293739004e-03  5.625161627524977e-01
8.722726180659250e+02 1.843114211707865e-03  5.623684568652060e-01
8.947260648887063e+02 1.580797541785691e-03  5.622293915996942e-01
9.171790815595971e+02 1.352762771541117e-03  5.621379611004080e-01
9.396316862237907e+02 1.154269739477302e-03  5.620385517310802e-01
9.620839026879937e+02 9.807584402892198e-04  5.619602744490279e-01
9.845359030443196e+02 8.302458011539891e-04  5.618958295716194e-01
1.006987590209524e+03 7.002190600443550e-04  5.618382837667395e-01
1.029438860189218e+03 5.890038686428140e-04  5.618105595997467e-01
1.051889411073208e+03 4.939609425166716e-04  5.617462104644404e-01

6.298607757415803e-03 8.500000000024293e-01  3.500000000019206e-01
2.114057575178088e+01 8.787302104523255e-01  4.619940625367203e-01
4.313925408549969e+01 8.877443406029648e-01  4.994958881794591e-01
6.544855646802243e+01 8.909679780781277e-01  5.113209050780487e-01
8.783884596891833e+01 8.925773900166564e-01  5.153978826286348e-01
1.102512983417532e+02 8.938261486607718e-01  5.170201752847636e-01
1.326693058244834e+02 8.951481937985529e-01  5.178950615356085e-01
1.550871640451151e+02 8.966851209055117e-01  5.186208316697870e-01
1.775018835504747e+02 8.985500491941569e-01  5.193655930989544e-01
1.999128505228219e+02 9.008010176868496e-01  5.202345240254141e-01
2.223188736241422e+02 9.035023496547253e-01  5.212647872262645e-01
2.447192536525451e+02 9.066920170323921e-01  5.224917632694775e-01
2.671137252700624e+02 9.103898035498189e-01  5.239061044509135e-01
2.895019909099835e+02 9.146379397800160e-01  5.254998899843444e-01
3.118842830743499e+02 9.193672277653276e-01  5.272957450340137e-01
3.342609477606232e+02 9.245376376302491e-01  5.292502660390757e-01
3.566334847923720e+02 9.300379285241448e-01  5.313465201515933e-01
3.790029980917177e+02 9.357702018908876e-01  5.335304840486330e-01
4.013720896834473e+02 9.416107022313430e-01  5.357363568498716e-01
4.237423211623762e+02 9.473825037491217e-01  5.379788434298663e-01
4.461152622239044e+02 9.529642145241332e-01  5.401777875030820e-01
4.684922577683290e+02 9.582534091048853e-01  5.423155967650610e-01
4.908736883946851e+02 9.631753483927716e-01  5.443396439469493e-01
5.132610403410605e+02 9.676809051303985e-01  5.462268347252527e-01
5.356544406441778e+02 9.717755735554102e-01  5.479710257235257e-01
5.580543780520413e+02 9.754276653892434e-01  5.495721360703348e-01
5.804604391683987e+02 9.786741608885204e-01  5.510310314429616e-01
6.028709422753282e+02 9.815260858271373e-01  5.523398712912855e-01
6.252873769156628e+02 9.840244814500019e-01  5.535115456125085e-01
6.477075818977295e+02 9.862150156623369e-01  5.545323596082254e-01
6.701319725256251e+02 9.881051385401656e-01  5.554599829876645e-01
6.925596772385672e+02 9.897491293333234e-01  5.562357960397522e-01
7.149911043307926e+02 9.911752749256917e-01  5.569458040429943e-01
7.374251123133866e+02 9.924162525674199e-01  5.575795585068207e-01
7.598603953397928e+02 9.934714354172780e-01  5.581125014361592e-01
7.822983404232447e+02 9.943787007439732e-01  5.585681073782360e-01
8.047384685179467e+02 9.951647722899284e-01  5.589706868180421e-01
8.271801083589594e+02 9.958402921309174e-01  5.593374790838435e-01
8.496221496336126e+02 9.964232991494663e-01  5.596278280580079e-01
8.720660553612618e+02 9.969253781445800e-01  5.598822051551453e-01
8.945109849994941e+02 9.973577670117989e-01  5.601033266683354e-01
9.169566770696371e+02 9.977293323929627e-01  5.602971198608314e-01
9.394028211582489e+02 9.980497691132776e-01  5.604722297909412e-01
9.618496250998126e+02 9.983265792953766e-01  5.606195638379364e-01
9.842969855538737e+02 9.985664236620975e-01  5.607516104539205e-01
1.006744853479775e+03 9.987756226196156e-01  5.608526304735854e-01
1.029192986940406e+03 9.989579165947772e-01  5.609451275972226e-01
1.051641267916398e+03 9.991164762343614e-01  5.610412330818194e-01

6.300122300755403e-03 9.499721355834252e-01  3.498824918850755e-01
2.073705413609996e+01 9.669286256542281e-01  4.909239069176036e-01
4.272112475687641e+01 9.735530208605248e-01  5.331936819453412e-01
6.503641885665579e+01 9.775887442401923e-01  5.458850490061651e-01
8.742339010785224e+01 9.807186697187524e-01  5.505297921712676e-01
1.098319300765297e+02 9.833597440109788e-01  5.527406088451955e-01
1.322497335438387e+02 9.856457747422517e-01  5.541366891515934e-01
1.546719741408125e+02 9.876115938591511e-01  5.551792440278160e-01
1.770985762694677e+02 9.893186917075435e-01  5.560417031306748e-01
1.995285953094395e+02 9.907983100339303e-01  5.567835425576365e-01
2.219612750104879e+02 9.920881959846343e-01  5.574184350109401e-01
2.443961028867189e+02 9.931949546014263e-01  5.579869174849726e-01
2.668332123533780e+02 9.941367329142073e-01  5.584659835755407e-01
2.892722816686974e+02 9.949539201004463e-01  5.589058506078221e-01
3.117127801142753e+02 9.956601535965180e-01  5.592415114084756e-01
3.341555679423144e+02 9.962682508465975e-01  5.595367243091384e-01
3.565992636108261e+02 9.967918356622832e-01  5.598089614375921e-01
3.790439046326021e+02 9.972429085871825e-01  5.600394889981016e-01
4.014895131003987e+02 9.976310057778596e-01  5.602445684126000e-01
4.239356586022020e+02 9.979647228582200e-01  5.604334431248268e-01
4.463819366292667e+02 9.982530705486138e-01  5.605826124763368e-01
4.688291605901315e+02 9.985026591226244e-01  5.607089027566300e-01
4.912769052298806e+02 9.987202064423406e-01  5.607987595607218e-01
5.137247865776952e+02 9.989093266094308e-01  5.609402780481504e-01
5.361719874115030e+02 9.990742960676162e-01  5.610255949372212e-01
5.586204892809048e+02 9.992170709917568e-01  5.611108349145365e-01
5.810683938256184e+02 9.993403716627567e-01  5.611748525033926e-01
6.035171639026980e+02 9.994460184134968e-01  5.612245945036669e-01
6.259661643215078e+02 9.995358228594772e-01  5.612896772649254e-01
6.484145669432291e+02 9.996118097924293e-01  5.613258162572927e-01
6.708637356590087e+02 9.996758915725990e-01  5.613508029019767e-01
6.933129663158969e+02 9.997297524231937e-01  5.613765481534465e-01
7.157623832523781e+02 9.997747502119412e-01  5.614209497337184e-01
7.382112603125406e+02 9.998123981741305e-01  5.614386669026848e-01
7.606606454267643e+02 9.998439073067332e-01  5.614496042350586e-01
7.831103284129024e+02 9.998701078645109e-01  5.614669750504482e-01
8.055600028335517e+02 9.998919169458373e-01  5.614790368687319e-01
8.280097111046134e+02 9.999100921651010e-01  5.614922015972830e-01
8.504590680282951e+02 9.999252082667411e-01  5.615023418617244e-01
8.729088630149126e+02 9.999377848283576e-01  5.615033320193277e-01
8.953586496734239e+02 9.999482658709590e-01  5.615100705443422e-01
9.178083084062035e+02 9.999569624840141e-01  5.615303098623774e-01
9.402574081399648e+02 9.999642008367930e-01  5.615425753261531e-01
9.627067319083949e+02 9.999702325757969e-01  5.615343585533928e-01
9.851566444278634e+02 9.999752415939551e-01  5.615352641508189e-01
1.007605871810222e+03 9.999794020197931e-01  5.615332843039575e-01
1.030055787249705e+03 9.999828670611770e-01  5.615264503196872e-01
1.052505683313415e+03 9.999857467013121e-01  5.615290695186099e-01

6.298607758448335e-03 4.999961352104060e-02  4.500078425092684e-01
2.157694679619417e+01 3.001627445902935e-02  5.384413441600093e-01
4.391975297535538e+01 2.196717977820131e-02  5.613302101322302e-01
6.636890444229523e+01 1.805606069714059e-02  5.670134483871724e-01
8.883645760500342e+01 1.535821765548350e-02  5.679524180447074e-01
1.113062331852879e+02 1.319607264288033e-02  5.675680130742108e-01
1.337746675789913e+02 1.136763453647145e-02  5.668629955901670e-01
1.562417755764358e+02 9.793654083006722e-03  5.661778618108350e-01
1.787059965528057e+02 8.429322729096911e-03  5.655232924750836e-01
2.011684646626956e+02 7.244357334743046e-03  5.649658538460078e-01
2.236290047895376e+02 6.243401366724381e-03  5.644650152027507e-01
2.460891249852206e+02 5.374408849157930e-03  5.640368019283829e-01
2.685480550605933e+02 4.623219698671613e-03  5.636675316693934e-01
2.910055943036103e+02 3.976271009815839e-03  5.633630894801500e-01
3.134623979495108e+02 3.418895528020006e-03  5.631015238787048e-01
3.359178112964332e+02 2.939054533855087e-03  5.628738335801786e-01
3.583730345301682e+02 2.525774299768594e-03  5.626788636626894e-01
3.808276311042246e+02 2.170052134954251e-03  5.625132508466435e-01
4.032816638785990e+02 1.863480350048191e-03  5.623769492358663e-01
4.257351205308561e+02 1.598991883336407e-03  5.622501553674207e-01
4.481879762845079e+02 1.369397212644573e-03  5.621448747715602e-01
4.706407328147433e+02 1.168575711122901e-03  5.620527841570631e-01
4.930929692709819e+02 9.935665376881683e-04  5.619648231430996e-01
5.155449762493271e+02 8.413014829281980e-04  5.618923810792935e-01
5.379966515936302e+02 7.100532938340665e-04  5.618477190328524e-01
5.604474106989470e+02 5.972535048246239e-04  5.618219062080811e-01
5.828980093719541e+02 5.009400724023656e-04  5.617853797414901e-01
6.053484258181248e+02 4.193011761778386e-04  5.617311140141787e-01
6.277993384174490e+02 3.504053057352661e-04  5.616909394718332e-01
6.502500518982883e+02 2.923256268501459e-04  5.616601254688336e-01
6.727006809685047e+02 2.437053668937933e-04  5.616548157272090e-01
6.951504890815964e+02 2.030127622604583e-04  5.616375255270726e-01
7.176006872882768e+02 1.690470718206275e-04  5.616022840684973e-01
7.400509989415141e+02 1.406621410600092e-04  5.615990596856049e-01
7.625011285615060e+02 1.170153700607425e-04  5.615929759136785e-01
7.849512014059121e+02 9.734273807277228e-05  5.615948315692769e-01
8.074007525735284e+02 8.097003842352420e-05  5.615833489187630e-01
8.298508232382609e+02 6.736520976793846e-05  5.615735001514489e-01
8.523008080345712e+02 5.602300273402069e-05  5.615643889052159e-01
8.747509774699265e+02 4.660037442350618e-05  5.615713879574377e-01
8.972004035504218e+02 3.874199477695887e-05  5.615715116682701e-01
9.196498094079550e+02 3.219963662359181e-05  5.615737885707324e-01
9.420989925374363e+02 2.679116316040796e-05  5.615595856814154e-01
9.645490137300272e+02 2.227908410311635e-05  5.615475335489132e-01
9.869989989258788e+02 1.853016630422531e-05  5.615456250800681e-01
1.009449107043515e+03 1.541199153404366e-05  5.615419120390028e-01
1.031899050139309e+03 1.281147584702603e-05  5.615382434020438e-01
1.054349019856175e+03 1.065193320462194e-05  5.615521833339543e-01

6.298607758332540e-03 1.499924107343145e-01  4.500004339381411e-01
2.157506467474926e+01 1.068455092940888e-01  5.560210529810643e-01
4.400446352349465e+01 7.844924705500605e-02  5.860109301381934e-01
6.650380667173977e+01 6.671183811413393e-02  5.923747231930155e-01
8.900478829283173e+01 5.926644607289985e-02  5.918781427280911e-01
1.115069152587599e+02 5.305409697724298e-02  5.893789302647480e-01
1.340086838104455e+02 4.735846412754448e-02  5.864127341792769e-01
1.565084801406681e+02 4.203784155349626e-02  5.834424607660200e-01
1.790060109544012e+02 3.710547340474721e-02  5.806633790604675e-01
2.015013850065273e+02 3.258457659827073e-02  5.781299623335316e-01
2.239932023195315e+02 2.847999289182203e-02  5.758755742416520e-01
2.464813444623488e+02 2.481145175511129e-02  5.739076719961123e-01
2.689655191635842e+02 2.154511786219934e-02  5.721753182358884e-01
2.914460121300098e+02 1.867502235327072e-02  5.706615970116270e-01
3.139231805788197e+02 1.615429416564764e-02  5.693879171416513e-01
3.363960801677289e+02 1.394581480281028e-02  5.682554223762520e-01
3.588670398013662e+02 1.203635080155134e-02  5.672872325616152e-01
3.813355799054065e+02 1.037691098826623e-02  5.664571131182343e-01
4.038016091309834e+02 8.936874327460813e-03  5.657547070615911e-01
4.262649093574889e+02 7.682216854225286e-03  5.651602488306945e-01
4.487261741083457e+02 6.613157212156154e-03  5.646495644220073e-01
4.711866091815463e+02 5.696668464171060e-03  5.641870169350961e-01
4.936460433666089e+02 4.901495705146815e-03  5.638021423032452e-01
5.161041130995903e+02 4.215777031216921e-03  5.634538538080099e-01
5.385613984391099e+02 3.624832860299433e-03  5.631790754471914e-01
5.610176350718584e+02 3.116000237493118e-03  5.629350600852636e-01
5.834730426875493e+02 2.677143217227595e-03  5.627411446585716e-01
6.059270470247069e+02 2.300488461735233e-03  5.625787287280162e-01
6.283811558094789e+02 1.976055245410305e-03  5.624219231655107e-01
6.508348293454267e+02 1.695730676792868e-03  5.622936570585377e-01
6.732880805728046e+02 1.452790210547903e-03  5.621903766921359e-01
6.957409764080404e+02 1.241511017641886e-03  5.621063022179601e-01
7.181934486744028e+02 1.057154677809464e-03  5.620175542166976e-01
7.406455502732825e+02 8.967237857577787e-04  5.619232374543055e-01
7.630975489284169e+02 7.575571770084623e-04  5.618724090636924e-01
7.855491217195927e+02 6.379213870038432e-04  5.618325142082489e-01
8.079997785923541e+02 5.356973468729235e-04  5.617774015128213e-01
8.304507956569352e+02 4.485304888074228e-04  5.617460566783575e-01
8.529015947648326e+02 3.750330385335526e-04  5.616965349535505e-01
8.753523106324851e+02 3.130578669879122e-04  5.616675602326424e-01
8.978029208147289e+02 2.609904048321031e-04  5.616504802327428e-01
9.202532945383535e+02 2.175042490162812e-04  5.616295015801708e-01
9.427034936872590e+02 1.810976375102309e-04  5.616089288166231e-01
9.651538396069418e+02 1.507318750830803e-04  5.616140540296312e-01
9.876034364994381e+02 1.254554257975659e-04  5.616007704506100e-01
1.010053644744428e+03 1.043971762935252e-04  5.615883770355079e-01
1.032503658980919e+03 8.682549937665312e-05  5.615819242095063e-01
1.054953783482623e+03 7.223701532053663e-05  5.615685896854894e-01

6.299569340726459e-03 9.499995915771566e-01  4.500038276567574e-01
2.160439458210541e+01 9.615128724372023e-01  5.190856276598996e-01
4.383105413468388e+01 9.675158089911171e-01  5.389011319570709e-01
6.618504719486862e+01 9.719560590657529e-01  5.458728189654529e-01
8.857354446444602e+01 9.756787916699746e-01  5.490061479851353e-01
1.109768466398286e+02 9.789245507203544e-01  5.509216338175518e-01
1.333872841246489e+02 9.817538396255429e-01  5.523618866175963e-01
1.558037727944672e+02 9.842289592155317e-01  5.535711762775315e-01
1.782246130896133e+02 9.863909643281601e-01  5.546005354536790e-01
2.006492907988178e+02 9.882591016700799e-01  5.555231377975601e-01
2.230772778390115e+02 9.898819733364116e-01  5.563116804669745e-01
2.455089538516064e+02 9.912913686254671e-01  5.569945342067019e-01
2.679431706898589e+02 9.925173379794825e-01  5.576096328604032e-01
2.903788202964951e+02 9.935548814999781e-01  5.581775844658839e-01
3.128163074692887e+02 9.944515892622932e-01  5.586017218324866e-01
3.352564353352506e+02 9.952268169328737e-01  5.590076886643466e-01
3.576976257750952e+02 9.958954239336207e-01  5.593405586465383e-01
3.801406332100017e+02 9.964699089049942e-01  5.596546380943962e-01
4.025837825315339e+02 9.969647803467054e-01  5.599244096130175e-01
4.250280811849768e+02 9.973903646217489e-01  5.601651878490042e-01
4.474730150646906e+02 9.977575743770368e-01  5.603376618519711e-01
4.699194491102114e+02 9.980740344394280e-01  5.604919737347965e-01
4.923665305533827e+02 9.983477416080392e-01  5.606267433838520e-01
5.148137910210004e+02 9.985959360068143e-01  5.607529159697267e-01
5.372616671251427e+02 9.988014457909712e-01  5.608810907255133e-01
5.597097740954839e+02 9.989803049678563e-01  5.609725172119081e-01
5.821580704706790e+02 9.991359370222750e-01  5.610488233361935e-01
6.046065299103111e+02 9.992706161803713e-01  5.611171435925854e-01
6.270552719363747e+02 9.993861232240391e-01  5.612058104219505e-01
6.495035194403350e+02 9.994848687973185e-01  5.612656438618119e-01
6.719519341103431e+02 9.995687585467996e-01  5.613009347631696e-01
6.944010431365817e+02 9.996396394721946e-01  5.613323891820510e-01
7.168502232646154e+02 9.996993832499034e-01  5.613608385437798e-01
7.392996343124431e+02 9.997493672612008e-01  5.613831953466359e-01
7.617491263511832e+02 9.997912632197289e-01  5.614024986415692e-01
7.841986303191244e+02 9.998261834232904e-01  5.614310935352157e-01
8.066482376498280e+02 9.998553539621030e-01  5.614483877150828e-01
8.290978883752274e+02 9.998796707936508e-01  5.614643598101848e-01
8.515475839801535e+02 9.998999297604403e-01  5.614780507032759e-01
8.739972766748640e+02 9.999167663792027e-01  5.615008629690605e-01
8.964466316146428e+02 9.999307528345767e-01  5.615078431250106e-01
9.188963278132461e+02 9.999423960271312e-01  5.615103334496568e-01
9.413460695480599e+02 9.999520749045973e-01  5.615101772125234e-01
9.637957844158483e+02 9.999601269238279e-01  5.615273677122268e-01
9.862450267353910e+02 9.999668634976436e-01  5.615233159086613e-01
1.008694988140974e+03 9.999724240104468e-01  5.615241617524971e-01
1.031144798792526e+03 9.999770561211251e-01  5.615346867650558e-01
1.053594031625162e+03 9.999809129599043e-01  5.615339973875116e-01

6.298607758412386e-03 5.000166882143619e-02  5.499904432098970e-01
2.240891917612950e+01 3.744614304608156e-02  5.698356981587779e-01
4.488392428314404e+01 3.120815254098925e-02  5.740740783412053e-01
6.736744720251376e+01 2.681722730792420e-02  5.739819749607830e-01
8.985191183589909e+01 2.321754417812525e-02  5.727509018290150e-01
1.123333278536446e+02 2.011306727690979e-02  5.713144714035404e-01
1.348120770012119e+02 1.740733082555155e-02  5.699843938880838e-01
1.572868427052936e+02 1.503953614021543e-02  5.687996395107139e-01
1.797589562867614e+02 1.298850979077351e-02  5.677723250344527e-01
2.022280080749453e+02 1.120505113251518e-02  5.668875258625180e-01
2.246945531766180e+02 9.658361128795498e-03  5.661232367215218e-01
2.471590473595211e+02 8.312110162392139e-03  5.654808736688887e-01
2.696212980225784e+02 7.144763688431113e-03  5.649020402976436e-01
2.920824926662199e+02 6.156886228916482e-03  5.644210929495259e-01
3.145424468646008e+02 5.299377724952539e-03  5.639954759536021e-01
3.370012454560853e+02 4.558497863413861e-03  5.636518698827027e-01
3.594583706357487e+02 3.920495747564362e-03  5.633355553755741e-01
3.819148920027571e+02 3.370933087224333e-03  5.630490557100601e-01
4.043705105612544e+02 2.897389935722253e-03  5.628524311461427e-01
4.268256008766980e+02 2.489777856482335e-03  5.626635867217773e-01
4.492797066918672e+02 2.139283407336414e-03  5.625143514004247e-01
4.717329581420265e+02 1.837184277935094e-03  5.623672367031910e-01
4.941864946469904e+02 1.575659973876270e-03  5.622421555449507e-01
5.166395450816850e+02 1.348712447311811e-03  5.621538124257310e-01
5.390915620555577e+02 1.150807710397121e-03  5.620426842768692e-01
5.615438101515473e+02 9.780327841208390e-04  5.619744830232588e-01
5.839954142785409e+02 8.280461710647630e-04  5.619095236202566e-01
6.064470641871266e+02 6.984207910650137e-04  5.618215878514456e-01
6.288984516611483e+02 5.873221957370767e-04  5.617899731957693e-01
6.513489399594846e+02 4.924464711760420e-04  5.617630870436301e-01
6.737991298054412e+02 4.120759661131955e-04  5.617212388673537e-01
6.962500165706780e+02 3.441203814642604e-04  5.616858819879844e-01
7.187007066911301e+02 2.871123832115888e-04  5.616762739045061e-01
7.411505870396057e+02 2.393510007217204e-04  5.616469175743967e-01
7.636011188737480e+02 1.994053965535761e-04  5.616422303617289e-01
7.860508300140932e+02 1.660621055042608e-04  5.616150625376761e-01
8.085011175301782e+02 1.381813958585674e-04  5.616004699032774e-01
8.309513008897845e+02 1.149440880791056e-04  5.615907851784208e-01
8.534014730754811e+02 9.564278254819838e-05  5.615757949603604e-01
8.758516354396477e+02 7.954342834082987e-05  5.615735533643466e-01
8.983017018042957e+02 6.617956659188695e-05  5.615720765769079e-01
9.207517622679206e+02 5.502256458900741e-05  5.615799185670304e-01
9.432012477418084e+02 4.577830206285556e-05  5.615793284983086e-01
9.656507162123772e+02 3.806061055714339e-05  5.615552822994300e-01
9.881008309289115e+02 3.162719270141931e-05  5.615578271900706e-01
1.010550159596569e+03 2.630361909885843e-05  5.615548906795867e-01
1.033000164665091e+03 2.188688814800944e-05  5.615455836945493e-01
1.055450144794769e+03 1.819997384153687e-05  5.615456223339402e-01

6.298607758311594e-03 1.500000001560396e-01  5.500000020986362e-01
2.240876540109269e+01 1.084730757175703e-01  5.939670962527580e-01
4.490945774657427e+01 9.319768668282334e-02  6.055202528853308e-01
6.739984725527688e+01 8.553035791842686e-02  6.071350360482609e-01
8.988818103254040e+01 7.970561544399833e-02  6.055338056668514e-01
1.123766989010485e+02 7.419096002731676e-02  6.026746470228453e-01
1.348710065825656e+02 6.855819689206591e-02  5.993237063789681e-01
1.573696082020591e+02 6.278852183576374e-02  5.957991033548857e-01
1.798707582098218e+02 5.697794270587896e-02  5.922760232799165e-01
2.023727321363183e+02 5.126728978667391e-02  5.888631432361918e-01
2.248744175954639e+02 4.577254784991273e-02  5.856551087527603e-01
2.473736831742522e+02 4.059518168219100e-02  5.827017400382675e-01
2.698690228053349e+02 3.578912605103455e-02  5.799412906453089e-01
2.923634790569679e+02 3.138954502071070e-02  5.774648013763899e-01
3.148540835668205e+02 2.740597452534767e-02  5.752654559894407e-01
3.373407386938803e+02 2.385184522269081e-02  5.733875557932678e-01
3.598231885428343e+02 2.069629752914399e-02  5.717179796598086e-01
3.823028070641043e+02 1.792708197908878e-02  5.702680311086756e-01
4.047790396406499e+02 1.549621653712169e-02  5.690293223468822e-01
4.272516847306215e+02 1.337930521489448e-02  5.679800548389624e-01
4.497213054858116e+02 1.154447014437037e-02  5.670423393118759e-01
4.721891547089621e+02 9.950892430481363e-03  5.662448870774017e-01
4.946539771583268e+02 8.566358567534004e-03  5.656062375572302e-01
5.171166859245549e+02 7.362694740563891e-03  5.650133394018021e-01
5.395781364896186e+02 6.343069039531520e-03  5.645022780476734e-01
5.620384150030396e+02 5.461142314809873e-03  5.640846263970440e-01
5.844968501920501e+02 4.698598258519949e-03  5.637125060102243e-01
6.069546497775522e+02 4.041308081798392e-03  5.633954804809678e-01
6.294115391086027e+02 3.475084433161726e-03  5.631476599165921e-01
6.518668169458876e+02 2.988007530446408e-03  5.629064757290364e-01
6.743221493373239e+02 2.567821829157936e-03  5.626965866648205e-01
6.967768004163298e+02 2.206176835834270e-03  5.625305119486527e-01
7.192308373666671e+02 1.894639231763284e-03  5.623851740254580e-01
7.416844449340834e+02 1.625396623957159e-03  5.622602913428464e-01
7.641375110934999e+02 1.391662395735374e-03  5.621503576719099e-01
7.865902511634040e+02 1.187883542560696e-03  5.620551124566213e-01
8.090425213198283e+02 1.010468369808316e-03  5.619722098763590e-01
8.314945849353205e+02 8.558351202281488e-04  5.619086025405486e-01
8.539463220789465e+02 7.228008431999306e-04  5.618634262383109e-01
8.763978431847314e+02 6.080821556462222e-04  5.618230983029239e-01
8.988484636435943e+02 5.102127106717107e-04  5.617738156502633e-01
9.212988197669036e+02 4.269488936433053e-04  5.617317604928900e-01
9.437496226601723e+02 3.567488548027936e-04  5.616883218723243e-01
9.662003855184663e+02 2.976859637358332e-04  5.616770529961305e-01
9.886501079803571e+02 2.482648510998407e-04  5.616496299660042e-01
1.011100628776333e+03 2.067759346129055e-04  5.616369608611802e-01
1.033550353028141e+03 1.721764307593840e-04  5.616163988013334e-01
1.056000735319286e+03 1.432834104039562e-04  5.615998018910372e-01

6.300122301748777e-03 9.500110377926033e-01  5.500018038166391e-01
2.243830482151505e+01 9.546018147915094e-01  5.443326124887377e-01
4.483497951515566e+01 9.595389572147990e-01  5.439340705437112e-01
6.722394398011895e+01 9.642985731425010e-01  5.451443545291179e-01
8.961426630801192e+01 9.686950796126282e-01  5.467455578758235e-01
1.120103957161070e+02 9.726775804176930e-01  5.483808627495380e-01
1.344118528656542e+02 9.762317373296697e-01  5.499277666553629e-01
1.568192667637104e+02 9.793836122718877e-01  5.513570196317780e-01
1.792312767629851e+02 9.821510645046762e-01  5.526114197545139e-01
2.016488523453795e+02 9.845771875063484e-01  5.537535729558969e-01
2.240701977334282e+02 9.866862141355275e-01  5.547605223097586e-01
2.464953388255123e+02 9.885150651277335e-01  5.556540059619244e-01
2.689237690088838e+02 9.901040719477729e-01  5.564139399725849e-01
2.913558847217165e+02 9.914778879052343e-01  5.571502727422774e-01
3.137881680880318e+02 9.926768154200553e-01  5.577439609494229e-01
3.362239985884324e+02 9.936894779666665e-01  5.582655694851212e-01
3.586618755926199e+02 9.945680425683736e-01  5.586851076514402e-01
3.811024901010976e+02 9.953279487096763e-01  5.590547229830096e-01
4.035444691496592e+02 9.959818310967190e-01  5.593990346894697e-01
4.259874399371673e+02 9.965452721496446e-01  5.596861873938722e-01
4.484316567991751e+02 9.970304627267129e-01  5.599345427181538e-01
4.708765977890606e+02 9.974481188718096e-01  5.601533343112147e-01
4.933224068632532e+02 9.978077240792006e-01  5.603402599730523e-01
5.157689720708635e+02 9.981177575352304e-01  5.604894379292278e-01
5.382158255116208e+02 9.983851402190186e-01  5.606555510967497e-01
5.606626866829469e+02 9.986174685240431e-01  5.607807857978054e-01
5.831104349628960e+02 9.988198622734029e-01  5.608859024369557e-01
6.055585533310717e+02 9.989956477376428e-01  5.609672857961947e-01
6.280069418771493e+02 9.991494035318031e-01  5.610399277470945e-01
6.504555134067874e+02 9.992820665826532e-01  5.611179426690605e-01
6.729042330503815e+02 9.993962477895337e-01  5.611841506668518e-01
6.953530019147914e+02 9.994934979618536e-01  5.612647482078496e-01
7.178014007544707e+02 9.995759354785669e-01  5.613368530459025e-01
7.402492706245949e+02 9.996457926194429e-01  5.613471599210756e-01
7.626986002949527e+02 9.997043642913006e-01  5.613800878488382e-01
7.851475925696294e+02 9.997535576509188e-01  5.614016522766708e-01
8.075971547115290e+02 9.997947594155553e-01  5.614384820909613e-01
8.300460603102829e+02 9.998290781195286e-01  5.614572326944550e-01
8.524952400849129e+02 9.998577726720211e-01  5.614549328264991e-01
8.749449302912965e+02 9.998816829446445e-01  5.614695511165894e-01
8.973946072436235e+02 9.999015904602396e-01  5.614758022546419e-01
9.198444067065445e+02 9.999181347409164e-01  5.615086104143884e-01
9.422933750828427e+02 9.999318951831454e-01  5.615113041359753e-01
9.647431243921361e+02 9.999433631739367e-01  5.615112748046036e-01
9.871928749826272e+02 9.999528922223141e-01  5.615132555500577e-01
1.009642802870586e+03 9.999607998609089e-01  5.615312678561670e-01
1.032092059309410e+03 9.999674183402371e-01  5.615272192794301e-01
1.054541931916937e+03 9.999728909671399e-01  5.615384497434559e-01

6.298607758255957e-03 4.999998007323650e-02  6.499986982123696e-01
2.233127756854416e+01 5.929617901437658e-02  6.161263108732159e-01
4.479962382400985e+01 5.958432236081328e-02  6.011727051046529e-01
6.729588369403996e+01 5.573891138178550e-02  5.938438017978468e-01
8.979691176552545e+01 5.061742594259842e-02  5.891921967753054e-01
1.122986342349056e+02 4.530707184542617e-02  5.856035477361715e-01
1.347979764289940e+02 4.020022029768992e-02  5.825171495341537e-01
1.572945867003056e+02 3.542810346067121e-02  5.797672690817069e-01
1.797882543607820e+02 3.106758383639100e-02  5.773048509691425e-01
2.022785673381708e+02 2.712247109957628e-02  5.751264654288726e-01
2.247653128377733e+02 2.360010039654603e-02  5.732442342080137e-01
2.472479243840426e+02 2.047395959104653e-02  5.715902015030154e-01
2.697273116911555e+02 1.773102541466511e-02  5.701772670502918e-01
2.922028288707650e+02 1.532610742470644e-02  5.689593110370276e-01
3.146746684079257e+02 1.323628540307027e-02  5.679050109347946e-01
3.371441406187008e+02 1.142030597032405e-02  5.669978974007078e-01
3.596111226411084e+02 9.844609094549346e-03  5.661963405352961e-01
3.820764600796423e+02 8.472994780432955e-03  5.655303177424179e-01
4.045389676482828e+02 7.281420175836090e-03  5.649752572309769e-01
4.269995114151755e+02 6.274043858313642e-03  5.644773104167888e-01
4.494597655734796e+02 5.400990252799678e-03  5.640471239616981e-01
4.719187297231252e+02 4.646072042475605e-03  5.636885627902321e-01
4.943763037349591e+02 3.996099065202632e-03  5.633938327985661e-01
5.168323262110873e+02 3.436781144370389e-03  5.631106834486991e-01
5.392882377388719e+02 2.954403013740755e-03  5.628709590417741e-01
5.617432559374837e+02 2.538863916710311e-03  5.626687042811038e-01
5.841978201034315e+02 2.181118973113607e-03  5.625081682424568e-01
6.066518302582373e+02 1.873532707703492e-03  5.623779927424695e-01
6.291053523442266e+02 1.607211628404879e-03  5.622589199731105e-01
6.515579680823467e+02 1.376022860156618e-03  5.621530940664533e-01
6.740107368728299e+02 1.174367790145629e-03  5.620425390790160e-01
6.964629605446950e+02 9.985755267226406e-04  5.619689002493620e-01
7.189149764275153e+02 8.456972194594286e-04  5.619009711009946e-01
7.413667065447357e+02 7.135528461012634e-04  5.618509432289721e-01
7.638174749746347e+02 6.001679770676729e-04  5.618087394917189e-01
7.862686600894052e+02 5.033244784801321e-04  5.617624333009937e-01
8.087195520209547e+02 4.212447817376091e-04  5.617308144467432e-01
8.311697237374035e+02 3.518953879083226e-04  5.616958596391624e-01
8.536204389747537e+02 2.936210774037567e-04  5.616859782803673e-01
8.760702880239935e+02 2.448173058008033e-04  5.616713935254297e-01
8.985201501068024e+02 2.038838983362400e-04  5.616453999732099e-01
9.209702738390291e+02 1.697823846465319e-04  5.616041406262627e-01
9.434205997071941e+02 1.413012838156608e-04  5.615969075947682e-01
9.658708073574389e+02 1.175454010342256e-04  5.615887585305431e-01
9.883209745575415e+02 9.782064676252397e-05  5.615959018176021e-01
1.010770409426666e+03 8.136023787386983e-05  5.615844296367171e-01
1.033220472832412e+03 6.768850661280548e-05  5.615731567846594e-01
1.055670482665007e+03 5.629015085837778e-05  5.615632259758285e-01

6.298911774550329e-03 9.500002483679245e-01  6.499998965181617e-01
2.235319826185617e+01 9.436194186711216e-01  5.851953200028290e-01
4.488860309353534e+01 9.445499926416699e-01  5.539918598639721e-01
6.734626560403069e+01 9.487081968254951e-01  5.440289979689150e-01
8.974978994339774e+01 9.537807356179308e-01  5.422567933156385e-01
1.121366588966929e+02 9.588903629865179e-01  5.431248772843196e-01
1.345219598707439e+02 9.637300600042429e-01  5.447470954491392e-01
1.569109148820503e+02 9.681859723835539e-01  5.464796408023843e-01
1.793061531104846e+02 9.722272752837072e-01  5.481667558375926e-01
2.017067340617381e+02 9.758299198783349e-01  5.497445070507053e-01
2.241132511217688e+02 9.790336206711446e-01  5.511846350172593e-01
2.465247596985743e+02 9.818422595276040e-01  5.524793422423396e-01
2.689416947387309e+02 9.843044753952621e-01  5.536303283326437e-01
2.913627138719870e+02 9.864545682413896e-01  5.546488254684726e-01
3.137876825328122e+02 9.883145474916692e-01  5.555469112424829e-01
3.362157398250220e+02 9.899275167876801e-01  5.563515942109291e-01
3.586468937328528e+02 9.913287245368236e-01  5.570408436790215e-01
3.810805350035615e+02 9.925482315133837e-01  5.576622738036293e-01
4.035159355054793e+02 9.935816165829791e-01  5.581944291331038e-01
4.259539488712260e+02 9.944743176915650e-01  5.586322471635585e-01
4.483943596792739e+02 9.952472976038618e-01  5.590091976159667e-01
4.708362287807266e+02 9.959116033387949e-01  5.593700629587577e-01
4.932784114534933e+02 9.964843788914481e-01  5.596708737759267e-01
5.157221943620432e+02 9.969775044624298e-01  5.599264207416204e-01
5.381669617538114e+02 9.974024618304049e-01  5.601329655411968e-01
5.606128065284466e+02 9.977676801483578e-01  5.603380434510454e-01
5.830585625056652e+02 9.980828889679272e-01  5.604920067448554e-01
6.055054894334698e+02 9.983551346438464e-01  5.606330191784237e-01
6.279528449282809e+02 9.985913452619352e-01  5.607667795055401e-01
6.504006214550423e+02 9.987973172368150e-01  5.608767554063224e-01
6.728482760885730e+02 9.989767710683599e-01  5.609654764743116e-01
6.952965465340790e+02 9.991329396949125e-01  5.610473373870538e-01
7.177451358639262e+02 9.992678686364141e-01  5.611156244416896e-01
7.401939072373186e+02 9.993837400722677e-01  5.612003531141442e-01
7.626421462417530e+02 9.994828396036859e-01  5.612630474970023e-01
7.850905557918106e+02 9.995670641480340e-01  5.612960678456890e-01
8.075397324624313e+02 9.996382301658403e-01  5.613346681217344e-01
8.299889215141777e+02 9.996980993618846e-01  5.613616644091838e-01
8.524383521945362e+02 9.997482925498975e-01  5.613935031226255e-01
8.748875180364705e+02 9.997903687259341e-01  5.614081683166260e-01
8.973370548798611e+02 9.998254232241020e-01  5.614372952947615e-01
9.197865220734495e+02 9.998547240986267e-01  5.614542393374820e-01
9.422361541114270e+02 9.998791430312874e-01  5.614657472659715e-01
9.646858733766005e+02 9.998994909116351e-01  5.614810952390547e-01
9.871355923373391e+02 9.999163844369593e-01  5.615131194165807e-01
1.009584421273312e+03 9.999304352016680e-01  5.615140265013013e-01
1.032034255060899e+03 9.999421317364785e-01  5.615123454649352e-01
1.054484029997940e+03 9.999518539044809e-01  5.615129819794826e-01

